0.000954 0.001717 0.000572 -0.007439 -0.000572 0.000191 0.000191 0.034524 0.000000 0.000000 0.000000 0.000000 0.000000 
0.000954 0.001717 0.000572 -0.007439 -0.000572 0.000191 0.000572 0.034524 0.000000 0.000000 0.000000 0.000000 0.000000 
0.000954 0.001717 0.000572 -0.007439 -0.000572 0.000191 0.000572 0.034524 0.000000 0.000000 0.000000 0.000000 0.000000 
0.000954 0.001717 0.000572 -0.007820 -0.000572 0.000191 0.000572 0.034524 0.000000 0.000000 0.000000 0.000000 0.000000 
0.000954 0.001717 0.000572 -0.007820 -0.000572 0.000191 0.000572 0.034905 0.000000 0.000000 0.000000 0.000000 0.000000 
0.000954 0.001717 0.000572 -0.007820 -0.000572 0.000191 0.000572 0.034905 0.000000 0.000000 0.000000 0.000000 0.000000 
0.000954 0.001717 0.000572 -0.007820 -0.000572 0.000191 0.000572 0.035287 0.000000 0.000000 0.000000 0.000000 0.000000 
0.000954 0.001717 0.000572 -0.007820 -0.000572 0.000191 0.000572 0.035668 0.000000 0.000000 0.000000 0.000000 0.000000 
0.000954 0.001717 0.000572 -0.007820 -0.000572 0.000191 0.000572 0.036813 0.000000 0.000000 0.000000 0.000000 0.000000 
0.000954 0.001717 0.000572 -0.007820 -0.000572 0.000191 0.000572 0.037957 0.000000 0.000000 0.000000 0.000000 0.000000 
0.000954 0.001717 0.000572 -0.007820 -0.000572 0.000191 0.000572 0.038720 0.000000 0.000000 0.000000 0.000000 0.000000 
0.000954 0.001717 0.000572 -0.007820 -0.000572 0.000191 0.000572 0.039102 0.000000 0.000000 0.000000 0.000000 0.000000 
0.000954 0.001717 0.000572 -0.007820 -0.000572 0.000191 0.000572 0.039102 0.000000 0.000000 0.000000 0.000000 0.000000 
0.000954 0.001717 0.000572 -0.007820 -0.000572 0.000191 0.000572 0.039102 0.000000 0.000000 0.000000 0.000000 0.000000 
0.000954 0.001717 0.000572 -0.007820 -0.000572 0.000191 0.000572 0.039102 0.000000 0.000000 0.000000 0.000000 0.000000 
0.000954 0.001717 0.000572 -0.007820 -0.000572 0.000191 0.000954 0.039102 0.000000 0.000000 0.000000 0.000000 0.000000 
0.000954 0.001717 0.000572 -0.007820 -0.000572 0.000191 0.000572 0.039102 0.000000 0.000000 0.000000 0.000000 0.000000 
0.000954 0.001717 0.000572 -0.007820 -0.000572 0.000191 0.000954 0.039102 0.000000 0.000000 0.000000 0.000000 0.000000 
0.000954 0.001717 0.000572 -0.007820 -0.000572 0.000191 0.000572 0.039102 0.000000 0.000000 0.000000 0.000000 0.000000 
0.000954 0.001717 0.000572 -0.007820 -0.000572 0.000191 0.000954 0.038720 0.000000 0.000000 0.000000 0.000000 0.000000 
0.000954 0.001717 0.000572 -0.007820 -0.000572 0.000191 0.000572 0.039102 0.000000 0.000000 0.000000 0.000000 0.000000 
0.000954 0.001717 0.000572 -0.007820 -0.000572 0.000191 0.000572 0.038720 0.000000 0.000000 0.000000 0.000000 0.000000 
0.000954 0.001717 0.000572 -0.007820 -0.000572 0.000191 0.000572 0.039102 0.000000 0.000000 0.000000 0.000000 0.000000 
0.000954 0.001717 0.000572 -0.007820 -0.000572 0.000191 0.000572 0.039102 0.000000 0.000000 0.000000 0.000000 0.000000 
0.000954 0.001717 0.000572 -0.007820 -0.000572 0.000191 0.000954 0.039102 0.000000 0.000000 0.000000 0.000000 0.000000 
0.000954 0.001717 0.000572 -0.007820 -0.000572 0.000191 0.000954 0.039102 0.000000 0.000000 0.000000 0.000000 0.000000 
0.000954 0.001717 0.000572 -0.007820 -0.000572 0.000191 0.000954 0.038720 0.000000 0.000000 0.000000 0.000000 0.000000 
0.000954 0.001717 0.000572 -0.007820 -0.000572 0.000191 0.000954 0.039102 0.000000 0.000000 0.000000 0.000000 0.000000 
0.000954 0.001717 0.000572 -0.007820 -0.000572 0.000191 0.000572 0.039102 0.000000 0.000000 0.000000 0.000000 0.000000 
0.000954 0.001717 0.000572 -0.007820 -0.000572 0.000191 0.000572 0.038720 0.000000 0.000000 0.000000 0.000000 0.000000 
0.000954 0.001717 0.000572 -0.007820 -0.000572 0.000191 0.000954 0.039102 0.000000 0.000000 0.000000 0.000000 0.000000 
0.000954 0.001717 0.000572 -0.007820 -0.000572 0.000191 0.000954 0.038720 0.000000 0.000000 0.000000 0.000000 0.000000 
0.000954 0.001717 0.000572 -0.007820 -0.000572 0.000191 0.000954 0.038720 0.000000 0.000000 0.000000 0.000000 0.000000 
0.000954 0.001717 0.000572 -0.007820 -0.000572 0.000191 0.000572 0.039102 0.000000 0.000000 0.000000 0.000000 0.000000 
0.000954 0.001717 0.000572 -0.007820 -0.000572 0.000191 0.000954 0.038720 0.000000 0.000000 0.000000 0.000000 0.000000 
0.000954 0.001717 0.000572 -0.007820 -0.000572 0.000191 0.000954 0.038720 0.000000 0.000000 0.000000 0.000000 0.000000 
0.000954 0.001717 0.000572 -0.007820 -0.000572 0.000191 0.000572 0.038720 0.000000 0.000000 0.000000 0.000000 0.000000 
0.000954 0.001717 0.000572 -0.007820 -0.000572 0.000191 0.000954 0.039102 0.000000 0.000000 0.000000 0.000000 0.000000 
0.000954 0.001717 0.000572 -0.007820 -0.000572 0.000191 0.000954 0.039102 0.000000 0.000000 0.000000 0.000000 0.000000 
0.000954 0.001717 0.000572 -0.007820 -0.000572 0.000191 0.000954 0.039102 0.000000 0.000000 0.000000 0.000000 0.000000 
0.000954 0.001717 0.000572 -0.007820 -0.000572 0.000191 0.000954 0.039102 0.000000 0.000000 0.000000 0.000000 0.000000 
0.000954 0.001717 0.000572 -0.007820 -0.000572 0.000191 0.000954 0.039102 0.000000 0.000000 0.000000 0.000000 0.000000 
0.000954 0.001717 0.000572 -0.007820 -0.000572 0.000191 0.000954 0.038720 0.000000 0.000000 0.000000 0.000000 0.000000 
0.000954 0.001717 0.000572 -0.007820 -0.000572 0.000191 0.000572 0.039102 0.000000 0.000000 0.000000 0.000000 0.000000 
0.000954 0.001717 0.000572 -0.007820 -0.000572 0.000191 0.000572 0.038720 0.000000 0.000000 0.000000 0.000000 0.000000 
0.000954 0.001717 0.000572 -0.007820 -0.000572 0.000191 0.000954 0.039102 0.000000 0.000000 0.000000 0.000000 0.000000 
0.000954 0.001717 0.000572 -0.007820 -0.000572 0.000191 0.000954 0.039102 0.000000 0.000000 0.000000 0.000000 0.000000 
0.000954 0.001717 0.000572 -0.007820 -0.000572 0.000191 0.000572 0.039102 0.000000 0.000000 0.000000 0.000000 0.000000 
0.000954 0.001717 0.000572 -0.007820 -0.000572 0.000191 0.000954 0.039102 0.000000 0.000000 0.000000 0.000000 0.000000 
0.000954 0.001717 0.000572 -0.007820 -0.000572 0.000191 0.000954 0.039102 0.000000 0.000000 0.000000 0.000000 0.000000 
0.000954 0.001717 0.000572 -0.007820 -0.000572 0.000191 0.000572 0.039102 0.000000 0.000000 0.000000 0.000000 0.000000 
0.000954 0.001717 0.000572 -0.007820 -0.000572 0.000191 0.000572 0.038720 0.000000 0.000000 0.000000 0.000000 0.000000 
0.000954 0.001717 0.000572 -0.007820 -0.000572 0.000191 0.000572 0.039102 0.000000 0.000000 0.000000 0.000000 0.000000 
0.000954 0.001717 0.000572 -0.007820 -0.000572 0.000191 0.000954 0.039102 0.000000 0.000000 0.000000 0.000000 0.000000 
0.000954 0.001717 0.000572 -0.007820 -0.000572 0.000191 0.000954 0.038720 0.000000 0.000000 0.000000 0.000000 0.000000 
0.000954 0.001717 0.000572 -0.007820 -0.000572 0.000191 0.000572 0.039102 0.000000 0.000000 0.000000 0.000000 0.000000 
0.000954 0.001717 0.000572 -0.007820 -0.000572 0.000191 0.000954 0.039102 0.000000 0.000000 0.000000 0.000000 0.000000 
0.000954 0.001717 0.000572 -0.007820 -0.000572 0.000191 0.000954 0.039102 0.000000 0.000000 0.000000 0.000000 0.000000 
0.000954 0.001717 0.000572 -0.007820 -0.000572 0.000191 0.000954 0.039102 0.000000 0.000000 0.000000 0.000000 0.000000 
0.000954 0.001717 0.000572 -0.007820 -0.000572 0.000191 0.000954 0.039102 0.000000 0.000000 0.000000 0.000000 0.000000 
0.000954 0.001717 0.000572 -0.007820 -0.000572 0.000191 0.000954 0.039102 0.000000 0.000000 0.000000 0.000000 0.000000 
0.000954 0.001717 0.000572 -0.007820 -0.000572 0.000191 0.000572 0.038720 0.000000 0.000000 0.000000 0.000000 0.000000 
0.000954 0.001717 0.000572 -0.007820 -0.000572 0.000191 0.000954 0.038720 0.000000 0.000000 0.000000 0.000000 0.000000 
0.000954 0.001717 0.000572 -0.007820 -0.000572 0.000191 0.000954 0.039102 0.000000 0.000000 0.000000 0.000000 0.000000 
0.000954 0.001717 0.000572 -0.007820 -0.000572 0.000191 0.000954 0.039102 0.000000 0.000000 0.000000 0.000000 0.000000 
0.000954 0.001717 0.000572 -0.007820 -0.000572 0.000191 0.000954 0.039102 0.000000 0.000000 0.000000 0.000000 0.000000 
0.000954 0.001717 0.000572 -0.007820 -0.000572 0.000191 0.000572 0.039102 0.000000 0.000000 0.000000 0.000000 0.000000 
0.000954 0.001717 0.000572 -0.007820 -0.000572 0.000191 0.000954 0.038720 0.000000 0.000000 0.000000 0.000000 0.000000 
0.000954 0.001717 0.000572 -0.007820 -0.000572 0.000191 0.000954 0.039102 0.000000 0.000000 0.000000 0.000000 0.000000 
0.000954 0.002098 0.000572 -0.007820 -0.000572 0.000191 0.000954 0.039102 0.000000 0.000000 0.000000 0.000000 0.000000 
0.000954 0.001717 0.000572 -0.007820 -0.000572 0.000191 0.000954 0.039102 0.000000 0.000000 0.000000 0.000000 0.000000 
0.000954 0.001717 0.000572 -0.007820 -0.000572 0.000191 0.000954 0.039102 0.000000 0.000000 0.000000 0.000000 0.000000 
0.000954 0.001717 0.000572 -0.007820 -0.000572 0.000191 0.000954 0.039102 0.000000 0.000000 0.000000 0.000000 0.000000 
0.000954 0.001717 0.000572 -0.007820 -0.000572 0.000191 0.000572 0.038720 0.000000 0.000000 0.000000 0.000000 0.000000 
0.000954 0.001717 0.000572 -0.007820 -0.000572 0.000191 0.000954 0.039102 0.000000 0.000000 0.000000 0.000000 0.000000 
0.000954 0.001717 0.000572 -0.007820 -0.000572 0.000191 0.000572 0.038720 0.000000 0.000000 0.000000 0.000000 0.000000 
0.000954 0.001717 0.000572 -0.007820 -0.000572 0.000191 0.000572 0.039102 0.000000 0.000000 0.000000 0.000000 0.000000 
0.000954 0.001717 0.000572 -0.007820 -0.000572 0.000191 0.000572 0.039102 0.000000 0.000000 0.000000 0.000000 0.000000 
0.000954 0.001717 0.000572 -0.007820 -0.000572 0.000191 0.000954 0.039102 0.000000 0.000000 0.000000 0.000000 0.000000 
0.000954 0.001717 0.000572 -0.007820 -0.000572 0.000191 0.000954 0.039102 0.000000 0.000000 0.000000 0.000000 0.000000 
0.000954 0.001717 0.000572 -0.007820 -0.000572 0.000191 0.000954 0.038720 0.000000 0.000000 0.000000 0.000000 0.000000 
0.000954 0.001717 0.000572 -0.007820 -0.000572 0.000191 0.000572 0.038720 0.000000 0.000000 0.000000 0.000000 0.000000 
0.000954 0.001717 0.000572 -0.007820 -0.000572 0.000191 0.000572 0.039102 0.000000 0.000000 0.000000 0.000000 0.000000 
0.000954 0.001717 0.000572 -0.007820 -0.000572 0.000191 0.000572 0.038720 0.000000 0.000000 0.000000 0.000000 0.000000 
0.000954 0.001717 0.000572 -0.007820 -0.000572 0.000191 0.000954 0.039102 0.000000 0.000000 0.000000 0.000000 0.000000 
0.000954 0.001717 0.000572 -0.007820 -0.000572 0.000191 0.000572 0.039102 0.000000 0.000000 0.000000 0.000000 0.000000 
0.000954 0.001717 0.000572 -0.007820 -0.000572 0.000191 0.000954 0.038720 0.000000 0.000000 0.000000 0.000000 0.000000 
0.000954 0.001717 0.000572 -0.007820 -0.000572 0.000191 0.000572 0.039102 0.000000 0.000000 0.000000 0.000000 0.000000 
0.000954 0.002098 0.000572 -0.007820 -0.000572 0.000191 0.000572 0.039102 0.000000 0.000000 0.000000 0.000000 0.000000 
0.000954 0.001717 0.000572 -0.007820 -0.000572 0.000191 0.000954 0.039102 0.000000 0.000000 0.000000 0.000000 0.000000 
0.000954 0.001717 0.000572 -0.007820 -0.000572 0.000191 0.000572 0.038720 0.000000 0.000000 0.000000 0.000000 0.000000 
0.000954 0.001717 0.000572 -0.007820 -0.000572 0.000191 0.000954 0.039102 0.000000 0.000000 0.000000 0.000000 0.000000 
0.000954 0.001717 0.000572 -0.007820 -0.000572 0.000191 0.000954 0.038720 0.000000 0.000000 0.000000 0.000000 0.000000 
0.000954 0.001717 0.000572 -0.007820 -0.000572 0.000191 0.000572 0.038720 0.000000 0.000000 0.000000 0.000000 0.000000 
0.000954 0.001717 0.000572 -0.007820 -0.000572 0.000191 0.000954 0.039102 0.000000 0.000000 0.000000 0.000000 0.000000 
0.000954 0.002098 0.000572 -0.007820 -0.000572 0.000191 0.000572 0.039102 0.000000 0.000000 0.000000 0.000000 0.000000 
0.000954 0.002098 0.000572 -0.007820 -0.000572 0.000191 0.000572 0.039102 0.000000 0.000000 0.000000 0.000000 0.000000 
0.000954 0.002098 0.000572 -0.007820 -0.000572 0.000191 0.000954 0.039102 0.000000 0.000000 0.000000 0.000000 0.000000 
0.000954 0.002098 0.000572 -0.007820 -0.000572 0.000191 0.000954 0.039102 0.000000 0.000000 0.000000 0.000000 0.000000 
0.000954 0.002098 0.000572 -0.007820 -0.000572 0.000191 0.000954 0.039102 0.000000 0.000000 0.000000 0.000000 0.000000 
0.000954 0.002098 0.000572 -0.007820 -0.000572 0.000191 0.000954 0.038720 0.000000 0.000000 0.000000 0.000000 0.000000 
0.000954 0.002098 0.000572 -0.007820 -0.000572 0.000191 0.000954 0.038720 0.000000 0.000000 0.000000 0.000000 0.000000 
0.000954 0.002098 0.000572 -0.007820 -0.000572 0.000191 0.000954 0.039102 0.000000 0.000000 0.000000 0.000000 0.000000 
0.000954 0.002098 0.000572 -0.007820 -0.000572 0.000191 0.000954 0.039102 0.000000 0.000000 0.000000 0.000000 0.000000 
0.000954 0.002098 0.000572 -0.007820 -0.000572 0.000191 0.000954 0.038720 0.000000 0.000000 0.000000 0.000000 0.000000 
0.000954 0.002098 0.000572 -0.007820 -0.000572 0.000191 0.000954 0.038720 0.000000 0.000000 0.000000 0.000000 0.000000 
0.000954 0.002098 0.000572 -0.007820 -0.000572 0.000191 0.000572 0.038720 0.000000 0.000000 0.000000 0.000000 0.000000 
0.000954 0.002098 0.000572 -0.007820 -0.000572 0.000191 0.000954 0.039102 0.000000 0.000000 0.000000 0.000000 0.000000 
0.000954 0.002098 0.000572 -0.007820 -0.000572 0.000191 0.000954 0.038720 0.000000 0.000000 0.000000 0.000000 0.000000 
0.000954 0.002098 0.000572 -0.007820 -0.000572 0.000191 0.000954 0.039102 0.000000 0.000000 0.000000 0.000000 0.000000 
0.000954 0.002098 0.000572 -0.007820 -0.000572 0.000191 0.000954 0.038720 0.000000 0.000000 0.000000 0.000000 0.000000 
0.000954 0.002098 0.000572 -0.007820 -0.000572 0.000191 0.000954 0.039102 0.000000 0.000000 0.000000 0.000000 0.000000 
0.000954 0.002098 0.000572 -0.007820 -0.000572 0.000191 0.000954 0.039102 0.000000 0.000000 0.000000 0.000000 0.000000 
0.000954 0.002098 0.000572 -0.007820 -0.000572 0.000191 0.000954 0.039102 0.000000 0.000000 0.000000 0.000000 0.000000 
0.000954 0.002098 0.000572 -0.007820 -0.000572 0.000191 0.000954 0.039102 0.000000 0.000000 0.000000 0.000000 0.000000 
0.000954 0.002098 0.000572 -0.007820 -0.000572 0.000191 0.000954 0.038720 0.000000 0.000000 0.000000 0.000000 0.000000 
0.000954 0.002480 0.000572 -0.007820 -0.000572 0.000191 0.000954 0.039102 0.000000 0.000000 0.000000 0.000000 0.000000 
0.000954 0.002480 0.000572 -0.007820 -0.000572 0.000191 0.000954 0.038720 0.000000 0.000000 0.000000 0.000000 0.000000 
0.000954 0.002480 0.000572 -0.007820 -0.000572 0.000191 0.000572 0.038720 0.000000 0.000000 0.000000 0.000000 0.000000 
0.000954 0.002861 0.000572 -0.007820 -0.000572 0.000191 0.000954 0.039102 0.000000 0.000000 0.000000 0.000000 0.000000 
0.000954 0.002861 0.000572 -0.007820 -0.000572 0.000191 0.000954 0.038720 0.000000 0.000000 0.000000 0.000000 0.000000 
0.000954 0.002861 0.000572 -0.007820 -0.000572 0.000191 0.000572 0.039102 0.000000 0.000000 0.000000 0.000000 0.000000 
0.000954 0.002861 0.000572 -0.007820 -0.000572 0.000191 0.000572 0.038720 0.000000 0.000000 0.000000 0.000000 0.000000 
0.000954 0.003242 0.000572 -0.007820 -0.000572 0.000191 0.000572 0.038720 0.000000 0.000000 0.000000 0.000000 0.000000 
0.000954 0.003242 0.000572 -0.007820 -0.000572 0.000191 0.000572 0.039102 0.000000 0.000000 0.000000 0.000000 0.000000 
0.000954 0.003624 0.000572 -0.007820 -0.000572 0.000191 0.000954 0.039102 0.000000 0.000000 0.000000 0.000000 0.000000 
0.000954 0.004005 0.000572 -0.007820 -0.000572 0.000191 0.000954 0.039102 0.000000 0.000000 0.000000 0.000000 0.000000 
0.000954 0.004005 0.000572 -0.007820 -0.000572 0.000191 0.000954 0.039102 0.000000 0.000000 0.000000 0.000000 0.000000 
0.000954 0.004387 0.000572 -0.007820 -0.000572 0.000191 0.000954 0.038720 0.000000 0.000000 0.000000 0.000000 0.000000 
0.000954 0.004387 0.000572 -0.007820 -0.000572 0.000191 0.000572 0.039102 0.000000 0.000000 0.000000 0.000000 0.000000 
0.000954 0.004768 0.000572 -0.007820 -0.000572 0.000191 0.000572 0.038720 0.000000 0.000000 0.000000 0.000000 0.000000 
0.000954 0.005150 0.000572 -0.007820 -0.000572 0.000191 0.000572 0.038720 0.000000 0.000000 0.000000 0.000000 0.000000 
0.000954 0.005150 0.000572 -0.007820 -0.000572 0.000191 0.000572 0.039102 0.000000 0.000000 0.000000 0.000000 0.000000 
0.000954 0.005531 0.000572 -0.007820 -0.000572 0.000191 0.000954 0.039102 0.000000 0.000000 0.000000 0.000000 0.000000 
0.000954 0.005531 0.000572 -0.007820 -0.000572 0.000191 0.000954 0.039102 0.000000 0.000000 0.000000 0.000000 0.000000 
0.000954 0.005913 0.000572 -0.007820 -0.000572 0.000191 0.000954 0.039102 0.000000 0.000000 0.000000 0.000000 0.000000 
0.000954 0.005913 0.000572 -0.007820 -0.000572 0.000191 0.000954 0.039102 0.000000 0.000000 0.000000 0.000000 0.000000 
0.000954 0.005913 0.000572 -0.007820 -0.000572 0.000191 0.001335 0.038720 0.000000 0.000000 0.000000 0.000000 0.000000 
0.000954 0.006294 0.000572 -0.007820 -0.000572 0.000191 0.000954 0.039102 0.000000 0.000000 0.000000 0.000000 0.000000 
0.000954 0.006294 0.000572 -0.007820 -0.000572 0.000191 0.000954 0.038720 0.000000 0.000000 0.000000 0.000000 0.000000 
0.000954 0.006676 0.000572 -0.007820 -0.000572 0.000191 0.000954 0.038720 0.000000 0.000000 0.000000 0.000000 0.000000 
0.000954 0.006676 0.000572 -0.007820 -0.000572 0.000191 0.001335 0.039102 0.000000 0.000000 0.000000 0.000000 0.000000 
0.000954 0.006676 0.000572 -0.007820 -0.000572 0.000191 0.000954 0.039102 0.000000 0.000000 0.000000 0.000000 0.000000 
0.000954 0.006676 0.000572 -0.007820 -0.000572 0.000191 0.000954 0.039102 0.000000 0.000000 0.000000 0.000000 0.000000 
0.000954 0.006676 0.000572 -0.007820 -0.000572 0.000191 0.000954 0.038720 0.000000 0.000000 0.000000 0.000000 0.000000 
0.000954 0.006676 0.000572 -0.007820 -0.000572 0.000191 0.000954 0.038720 0.000000 0.000000 0.000000 0.000000 0.000000 
0.000954 0.006676 0.000572 -0.007820 -0.000572 0.000191 0.001335 0.039102 0.000000 0.000000 0.000000 0.000000 0.000000 
0.000572 0.006676 0.000572 -0.007820 -0.000572 0.000191 0.001335 0.038720 0.000000 0.000000 0.000000 0.000000 0.000000 
0.000572 0.006676 0.000572 -0.007820 -0.000572 0.000191 0.001335 0.038720 0.000000 0.000000 0.000000 0.000000 0.000000 
0.000572 0.006676 0.000572 -0.007820 -0.000572 0.000191 0.001335 0.039102 0.000000 0.000000 0.000000 0.000000 0.000000 
0.000572 0.006676 0.000572 -0.007820 -0.000572 0.000191 0.001335 0.038720 0.000000 0.000000 0.000000 0.000000 0.000000 
0.000191 0.006676 0.000572 -0.007820 -0.000572 0.000191 0.001335 0.039102 0.000000 0.000000 0.000000 0.000000 0.000000 
-0.000191 0.006676 0.000572 -0.007820 -0.000572 0.000191 0.001335 0.039102 0.000000 0.000000 0.000000 0.000000 0.000000 
-0.000572 0.006676 0.000572 -0.007820 -0.000572 0.000191 0.001335 0.038720 0.000000 0.000000 0.000000 0.000000 0.000000 
-0.000954 0.006676 0.000572 -0.007820 -0.000572 0.000191 0.001335 0.039102 0.000000 0.000000 0.000000 0.000000 0.000000 
-0.001335 0.006676 0.000572 -0.007820 -0.000572 0.000191 0.000954 0.039102 0.000000 0.000000 0.000000 0.000000 0.000000 
-0.001717 0.006676 0.000572 -0.007820 -0.000572 0.000191 0.000954 0.039102 0.000000 0.000000 0.000000 0.000000 0.000000 
-0.002098 0.006676 0.000572 -0.007820 -0.000572 0.000191 0.000954 0.039102 0.000000 0.000000 0.000000 0.000000 0.000000 
-0.002861 0.006676 0.000572 -0.007820 -0.000572 0.000191 0.000954 0.039102 0.000000 0.000000 0.000000 0.000000 0.000000 
-0.003242 0.006676 0.000572 -0.007820 -0.000572 0.000191 0.000954 0.038720 0.000000 0.000000 0.000000 0.000000 0.000000 
-0.004005 0.006676 0.000572 -0.007820 -0.000572 0.000191 0.000954 0.039102 0.000000 0.000000 0.000000 0.000000 0.000000 
-0.005150 0.006676 0.000572 -0.007820 -0.000572 0.000191 0.000954 0.039102 0.000000 0.000000 0.000000 0.000000 0.000000 
-0.005913 0.006676 0.000572 -0.007820 -0.000572 0.000191 0.000954 0.039102 0.000000 0.000000 0.000000 0.000000 0.000000 
-0.007439 0.006676 0.000572 -0.007820 -0.000572 0.000191 0.000954 0.038720 0.000000 0.000000 0.000000 0.000000 0.000000 
-0.008583 0.006676 0.000572 -0.007820 -0.000572 0.000191 0.000954 0.038720 0.000000 0.000000 0.000000 0.000000 0.000000 
-0.010109 0.006676 0.000572 -0.007820 -0.000572 0.000191 0.000954 0.039102 0.000000 0.000000 0.000000 0.000000 0.000000 
-0.010872 0.006676 0.000572 -0.007820 -0.000572 0.000191 0.000954 0.038720 0.000000 0.000000 0.000000 0.000000 0.000000 
-0.012398 0.006676 0.000572 -0.007820 -0.000572 0.000191 0.000954 0.039102 0.000000 0.000000 0.000000 0.000000 0.000000 
-0.013542 0.006676 0.000572 -0.007820 -0.000572 0.000191 0.000954 0.039102 0.000000 0.000000 0.000000 0.000000 0.000000 
-0.015068 0.006676 0.000572 -0.007820 -0.000572 0.000191 0.000954 0.039102 0.000000 0.000000 0.000000 0.000000 0.000000 
-0.016594 0.006676 0.000572 -0.007820 -0.000572 0.000191 0.000954 0.039102 0.000000 0.000000 0.000000 0.000000 0.000000 
-0.018120 0.006676 0.000572 -0.007820 -0.000572 0.000191 0.001335 0.038720 0.000000 0.000000 0.000000 0.000000 0.000000 
-0.020027 0.006676 0.000572 -0.007820 -0.000572 0.000191 0.001335 0.039102 0.000000 0.000000 0.000000 0.000000 0.000000 
-0.022316 0.006676 0.000572 -0.007820 -0.000572 0.000191 0.001335 0.039102 0.000000 0.000000 0.000000 0.000000 0.000000 
-0.024605 0.006676 0.000572 -0.007820 -0.000572 0.000191 0.001335 0.039102 0.000000 0.000000 0.000000 0.000000 0.000000 
-0.026894 0.006676 0.000572 -0.007820 -0.000572 0.000191 0.001335 0.038720 0.000000 0.000000 0.000000 0.000000 0.000000 
-0.029182 0.006294 0.000572 -0.007820 -0.000572 0.000191 0.001717 0.039102 0.000000 0.000000 0.000000 0.000000 0.000000 
-0.031854 0.006294 0.000572 -0.007820 -0.000572 0.000191 0.001335 0.038720 0.000000 0.000000 0.000000 0.000000 0.000000 
-0.034142 0.006294 0.000572 -0.007820 -0.000572 0.000191 0.001717 0.039102 0.000000 0.000000 0.000000 0.000000 0.000000 
-0.036431 0.006294 0.000572 -0.007820 -0.000572 0.000191 0.001335 0.039102 0.000000 0.000000 0.000000 0.000000 0.000000 
-0.039102 0.006294 0.000572 -0.007820 -0.000572 0.000191 0.001335 0.039102 0.000000 0.000000 0.000000 0.000000 0.000000 
-0.041772 0.006294 0.000572 -0.007820 -0.000572 0.000191 0.001335 0.039102 0.000000 0.000000 0.000000 0.000000 0.000000 
-0.044824 0.006294 0.000572 -0.007820 -0.000572 0.000191 0.001335 0.039102 0.000000 0.000000 0.000000 0.000000 0.000000 
-0.047875 0.006294 0.000572 -0.007820 -0.000572 0.000191 0.001335 0.039102 0.000000 0.000000 0.000000 0.000000 0.000000 
-0.050927 0.006294 0.000572 -0.007820 -0.000572 0.000191 0.001335 0.038720 0.000000 0.000000 0.000000 0.000000 0.000000 
-0.053979 0.006294 0.000572 -0.007820 -0.000572 0.000191 0.001335 0.039102 0.000000 0.000000 0.000000 0.000000 0.000000 
-0.057031 0.006294 0.000572 -0.007820 -0.000572 0.000191 0.001335 0.039102 0.000000 0.000000 0.000000 0.000000 0.000000 
-0.060845 0.006294 0.000572 -0.007820 -0.000572 0.000191 0.001335 0.039102 0.000000 0.000000 0.000000 0.000000 0.000000 
-0.063897 0.006294 0.000572 -0.007820 -0.000572 0.000191 0.001335 0.039102 0.000000 0.000000 0.000000 0.000000 0.000000 
-0.067330 0.006294 0.000572 -0.007820 -0.000572 0.000191 0.000954 0.039102 0.000000 0.000000 0.000000 0.000000 0.000000 
-0.071145 0.006294 0.000572 -0.007820 -0.000572 0.000191 0.000954 0.038720 0.000000 0.000000 0.000000 0.000000 0.000000 
-0.074578 0.006294 0.000572 -0.007820 -0.000572 0.000191 0.001335 0.039102 0.000000 0.000000 0.000000 0.000000 0.000000 
-0.078393 0.006294 0.000572 -0.007820 -0.000572 0.000191 0.000954 0.039102 0.000000 0.000000 0.000000 0.000000 0.000000 
-0.082208 0.006294 0.000572 -0.007820 -0.000572 0.000191 0.001335 0.039102 0.000000 0.000000 0.000000 0.000000 0.000000 
-0.086404 0.006294 0.000572 -0.007820 -0.000572 0.000191 0.001335 0.039102 0.000000 0.000000 0.000000 0.000000 0.000000 
-0.090219 0.006294 0.000572 -0.007820 -0.000572 0.000191 0.001335 0.038720 0.000000 0.000000 0.000000 0.000000 0.000000 
-0.094416 0.006294 0.000572 -0.007820 -0.000572 0.000191 0.001335 0.039102 0.000000 0.000000 0.000000 0.000000 0.000000 
-0.099375 0.006294 0.000572 -0.007820 -0.000572 0.000191 0.001335 0.038720 0.000000 0.000000 0.000000 0.000000 0.000000 
-0.103189 0.006294 0.000572 -0.007820 -0.000572 0.000191 0.001335 0.038720 0.000000 0.000000 0.000000 0.000000 0.000000 
-0.107767 0.006294 0.000572 -0.007820 -0.000572 0.000191 0.001335 0.038720 0.000000 0.000000 0.000000 0.000000 0.000000 
-0.112345 0.006294 0.000572 -0.007820 -0.000572 0.000191 0.001335 0.039102 0.000000 0.000000 0.000000 0.000000 0.000000 
-0.116922 0.006294 0.000572 -0.007820 -0.000572 0.000191 0.001335 0.038720 0.000000 0.000000 0.000000 0.000000 0.000000 
-0.121500 0.006294 0.000572 -0.007820 -0.000572 0.000191 0.001335 0.039102 0.000000 0.000000 0.000000 0.000000 0.000000 
-0.126459 0.006294 0.000572 -0.007820 -0.000572 0.000191 0.001335 0.039102 0.000000 0.000000 0.000000 0.000000 0.000000 
-0.131418 0.006294 0.000572 -0.007820 -0.000572 0.000191 0.001335 0.039102 0.000000 0.000000 0.000000 0.000000 0.000000 
-0.135996 0.006294 0.000572 -0.007820 -0.000572 0.000191 0.001335 0.039102 0.000000 0.000000 0.000000 0.000000 0.000000 
-0.140955 0.006294 0.000572 -0.007820 -0.000572 0.000191 0.001335 0.039102 0.000000 0.000000 0.000000 0.000000 0.000000 
-0.145914 0.006294 0.000572 -0.007820 -0.000572 0.000191 0.001335 0.039102 0.000000 0.000000 0.000000 0.000000 0.000000 
-0.150873 0.006294 0.000572 -0.007820 -0.000572 0.000191 0.001335 0.039102 0.000000 0.000000 0.000000 0.000000 0.000000 
-0.155832 0.006294 0.000572 -0.007820 -0.000572 0.000191 0.001335 0.039102 0.000000 0.000000 0.000000 0.000000 0.000000 
-0.161174 0.006294 0.000572 -0.007820 -0.000572 0.000191 0.001335 0.039102 0.000000 0.000000 0.000000 0.000000 0.000000 
-0.166514 0.006294 0.000572 -0.007820 -0.000572 0.000191 0.001335 0.039102 0.000000 0.000000 0.000000 0.000000 0.000000 
-0.171474 0.006294 0.000572 -0.007820 -0.000572 0.000191 0.001335 0.039102 0.000000 0.000000 0.000000 0.000000 0.000000 
-0.176814 0.006294 0.000572 -0.007820 -0.000572 0.000191 0.001335 0.038720 0.000000 0.000000 0.000000 0.000000 0.000000 
-0.182155 0.006294 0.000572 -0.007820 -0.000572 0.000191 0.001335 0.039102 0.000000 0.000000 0.000000 0.000000 0.000000 
-0.187114 0.006294 0.000572 -0.007820 -0.000572 0.000191 0.001335 0.039102 0.000000 0.000000 0.000000 0.000000 0.000000 
-0.192073 0.006294 0.000572 -0.007820 -0.000572 0.000191 0.001335 0.039102 0.000000 0.000000 0.000000 0.000000 0.000000 
-0.197413 0.006294 0.000572 -0.007820 -0.000572 0.000191 0.001335 0.038720 0.000000 0.000000 0.000000 0.000000 0.000000 
-0.202754 0.006294 0.000572 -0.007820 -0.000572 0.000191 0.001335 0.039102 0.000000 0.000000 0.000000 0.000000 0.000000 
-0.208095 0.006294 0.000572 -0.007820 -0.000572 0.000191 0.001335 0.038720 0.000000 0.000000 0.000000 0.000000 0.000000 
-0.213054 0.006294 0.000572 -0.007820 -0.000572 0.000191 0.001335 0.039102 0.000000 0.000000 0.000000 0.000000 0.000000 
-0.218394 0.006294 0.000572 -0.007820 -0.000572 0.000191 0.001335 0.039102 0.000000 0.000000 0.000000 0.000000 0.000000 
-0.223736 0.006676 0.000572 -0.007820 -0.000572 0.000191 0.001335 0.038720 0.000000 0.000000 0.000000 0.000000 0.000000 
-0.228695 0.006676 0.000572 -0.007820 -0.000572 0.000191 0.001335 0.039102 0.000000 0.000000 0.000000 0.000000 0.000000 
-0.233654 0.006676 0.000572 -0.007820 -0.000572 0.000191 0.001335 0.039102 0.000000 0.000000 0.000000 0.000000 0.000000 
-0.238995 0.006676 0.000572 -0.007820 -0.000572 0.000191 0.001335 0.039102 0.000000 0.000000 0.000000 0.000000 0.000000 
-0.243954 0.006676 0.000572 -0.007820 -0.000572 0.000191 0.001335 0.039102 0.000000 0.000000 0.000000 0.000000 0.000000 
-0.249294 0.007057 0.000572 -0.007820 -0.000572 0.000191 0.001335 0.039102 0.000000 0.000000 0.000000 0.000000 0.000000 
-0.253872 0.007057 0.000572 -0.007820 -0.000572 0.000191 0.001335 0.039102 0.000000 0.000000 0.000000 0.000000 0.000000 
-0.258831 0.007057 0.000572 -0.007820 -0.000572 0.000191 0.001717 0.039102 0.000000 0.000000 0.000000 0.000000 0.000000 
-0.263790 0.007057 0.000572 -0.007820 -0.000572 0.000191 0.002098 0.039102 0.000000 0.000000 0.000000 0.000000 0.000000 
-0.269131 0.007057 0.000572 -0.007820 -0.000572 0.000191 0.002480 0.039102 0.000000 0.000000 0.000000 0.000000 0.000000 
-0.273708 0.007439 0.000572 -0.007820 -0.000572 0.000191 0.002861 0.038720 0.000000 0.000000 0.000000 0.000000 0.000000 
-0.278286 0.007439 0.000572 -0.007820 -0.000572 0.000191 0.003242 0.039102 0.000000 0.000000 0.000000 0.000000 0.000000 
-0.283246 0.007439 0.000572 -0.007820 -0.000572 0.000191 0.003242 0.039102 0.000000 0.000000 0.000000 0.000000 0.000000 
-0.287824 0.007820 0.000572 -0.007820 -0.000572 0.000191 0.002861 0.039102 0.000000 0.000000 0.000000 0.000000 0.000000 
-0.292401 0.007820 0.000572 -0.007820 -0.000572 0.000191 0.002861 0.038720 0.000000 0.000000 0.000000 0.000000 0.000000 
-0.296979 0.008202 0.000572 -0.007820 -0.000572 0.000191 0.002861 0.039102 0.000000 0.000000 0.000000 0.000000 0.000000 
-0.301175 0.008583 0.000572 -0.007820 -0.000572 0.000191 0.002861 0.039102 0.000000 0.000000 0.000000 0.000000 0.000000 
-0.305753 0.008965 0.000572 -0.007820 -0.000572 0.000191 0.002861 0.039102 0.000000 0.000000 0.000000 0.000000 0.000000 
-0.309949 0.009346 0.000572 -0.007820 -0.000572 0.000191 0.002861 0.039102 0.000000 0.000000 0.000000 0.000000 0.000000 
-0.314145 0.009346 0.000572 -0.007820 -0.000572 0.000191 0.002861 0.039102 0.000000 0.000000 0.000000 0.000000 0.000000 
-0.318341 0.009727 0.000572 -0.007820 -0.000572 0.000191 0.002861 0.039102 0.000000 0.000000 0.000000 0.000000 0.000000 
-0.323300 0.010109 0.000572 -0.007820 -0.000572 0.000191 0.002861 0.038720 0.000000 0.000000 0.000000 0.000000 0.000000 
-0.326734 0.010490 0.000572 -0.007820 -0.000572 0.000191 0.002861 0.039102 0.000000 0.000000 0.000000 0.000000 0.000000 
-0.330548 0.010872 0.000572 -0.007820 -0.000572 0.000191 0.002861 0.039102 0.000000 0.000000 0.000000 0.000000 0.000000 
-0.334363 0.010872 0.000572 -0.007820 -0.000572 0.000191 0.002861 0.039102 0.000000 0.000000 0.000000 0.000000 0.000000 
-0.338178 0.011253 0.000572 -0.007820 -0.000572 0.000191 0.002861 0.039102 0.000000 0.000000 0.000000 0.000000 0.000000 
-0.341992 0.011253 0.000572 -0.007820 -0.000572 0.000191 0.002861 0.038720 0.000000 0.000000 0.000000 0.000000 0.000000 
-0.345808 0.011635 0.000572 -0.007820 -0.000572 0.000191 0.002861 0.038720 0.000000 0.000000 0.000000 0.000000 0.000000 
-0.349623 0.011635 0.000572 -0.007820 -0.000572 0.000191 0.002861 0.039102 0.000000 0.000000 0.000000 0.000000 0.000000 
-0.353056 0.011635 0.000572 -0.007820 -0.000572 0.000191 0.002861 0.038720 0.000000 0.000000 0.000000 0.000000 0.000000 
-0.356489 0.012016 0.000572 -0.007820 -0.000572 0.000191 0.002861 0.039102 0.000000 0.000000 0.000000 0.000000 0.000000 
-0.359541 0.012016 0.000572 -0.007820 -0.000572 0.000191 0.002861 0.039102 0.000000 0.000000 0.000000 0.000000 0.000000 
-0.362974 0.012016 0.000572 -0.007820 -0.000572 0.000191 0.002861 0.039102 0.000000 0.000000 0.000000 0.000000 0.000000 
-0.366026 0.012398 0.000572 -0.007820 -0.000572 0.000191 0.002861 0.039102 0.000000 0.000000 0.000000 0.000000 0.000000 
-0.369078 0.012398 0.000572 -0.007820 -0.000572 0.000191 0.002861 0.038720 0.000000 0.000000 0.000000 0.000000 0.000000 
-0.372129 0.012398 0.000572 -0.007820 -0.000572 0.000191 0.002861 0.039102 0.000000 0.000000 0.000000 0.000000 0.000000 
-0.374800 0.012398 0.000572 -0.007820 -0.000572 0.000191 0.002861 0.038720 0.000000 0.000000 0.000000 0.000000 0.000000 
-0.377470 0.012398 0.000572 -0.007820 -0.000572 0.000191 0.002861 0.039102 0.000000 0.000000 0.000000 0.000000 0.000000 
-0.380140 0.012398 0.000572 -0.007820 -0.000572 0.000191 0.002861 0.039102 0.000000 0.000000 0.000000 0.000000 0.000000 
-0.382811 0.012398 0.000572 -0.007820 -0.000572 0.000191 0.002861 0.039102 0.000000 0.000000 0.000000 0.000000 0.000000 
-0.385481 0.012398 0.000572 -0.007820 -0.000572 0.000191 0.002861 0.039102 0.000000 0.000000 0.000000 0.000000 0.000000 
-0.388151 0.012398 0.000572 -0.007820 -0.000572 0.000191 0.002861 0.039102 0.000000 0.000000 0.000000 0.000000 0.000000 
-0.390440 0.012398 0.000572 -0.007820 -0.000572 0.000191 0.002861 0.039102 0.000000 0.000000 0.000000 0.000000 0.000000 
-0.392729 0.012398 0.000572 -0.007820 -0.000572 0.000191 0.002861 0.039102 0.000000 0.000000 0.000000 0.000000 0.000000 
-0.394636 0.012398 0.000572 -0.007820 -0.000572 0.000191 0.002861 0.039102 0.000000 0.000000 0.000000 0.000000 0.000000 
-0.396925 0.012398 0.000572 -0.007820 -0.000572 0.000191 0.002861 0.039102 0.000000 0.000000 0.000000 0.000000 0.000000 
-0.398832 0.012398 0.000572 -0.007820 -0.000572 0.000191 0.002861 0.039102 0.000000 0.000000 0.000000 0.000000 0.000000 
-0.401121 0.012398 0.000572 -0.007820 -0.000572 0.000191 0.002861 0.039102 0.000000 0.000000 0.000000 0.000000 0.000000 
-0.403028 0.012398 0.000572 -0.007820 -0.000572 0.000191 0.002861 0.039102 0.000000 0.000000 0.000000 0.000000 0.000000 
-0.404554 0.012398 0.000572 -0.007820 -0.000572 0.000191 0.002861 0.039102 0.000000 0.000000 0.000000 0.000000 0.000000 
-0.406463 0.012398 0.000572 -0.007820 -0.000572 0.000191 0.002861 0.038720 0.000000 0.000000 0.000000 0.000000 0.000000 
-0.407607 0.012398 0.000572 -0.007820 -0.000572 0.000191 0.002861 0.039102 0.000000 0.000000 0.000000 0.000000 0.000000 
-0.409133 0.012398 0.000572 -0.007820 -0.000572 0.000191 0.002861 0.039102 0.000000 0.000000 0.000000 0.000000 0.000000 
-0.409896 0.012398 0.000572 -0.007820 -0.000572 0.000191 0.002861 0.039102 0.000000 0.000000 0.000000 0.000000 0.000000 
-0.411422 0.012398 0.000572 -0.007820 -0.000572 0.000191 0.002861 0.039102 0.000000 0.000000 0.000000 0.000000 0.000000 
-0.412566 0.012398 0.000572 -0.007820 -0.000572 0.000191 0.002861 0.038720 0.000000 0.000000 0.000000 0.000000 0.000000 
-0.413711 0.012398 0.000572 -0.007820 -0.000572 0.000191 0.002861 0.039102 0.000000 0.000000 0.000000 0.000000 0.000000 
-0.414474 0.012398 0.000572 -0.007820 -0.000572 0.000191 0.002861 0.038720 0.000000 0.000000 0.000000 0.000000 0.000000 
-0.415236 0.012398 0.000572 -0.007820 -0.000572 0.000191 0.002861 0.039102 0.000000 0.000000 0.000000 0.000000 0.000000 
-0.415618 0.012398 0.000572 -0.007820 -0.000572 0.000191 0.002861 0.039102 0.000000 0.000000 0.000000 0.000000 0.000000 
-0.415999 0.012398 0.000572 -0.007820 -0.000572 0.000191 0.002861 0.038720 0.000000 0.000000 0.000000 0.000000 0.000000 
-0.415999 0.012398 0.000572 -0.007820 -0.000572 0.000191 0.002861 0.039102 0.000000 0.000000 0.000000 0.000000 0.000000 
-0.415999 0.012398 0.000572 -0.007820 -0.000572 0.000191 0.002861 0.039102 0.000000 0.000000 0.000000 0.000000 0.000000 
-0.415999 0.012398 0.000572 -0.007820 -0.000572 0.000191 0.002861 0.039102 0.000000 0.000000 0.000000 0.000000 0.000000 
-0.415999 0.012398 0.000572 -0.007820 -0.000572 0.000191 0.002861 0.039102 0.000000 0.000000 0.000000 0.000000 0.000000 
-0.415999 0.012398 0.000572 -0.007820 -0.000572 0.000191 0.002861 0.039102 0.000000 0.000000 0.000000 0.000000 0.000000 
-0.415999 0.012398 0.000572 -0.007820 -0.000572 0.000191 0.002861 0.038720 0.000000 0.000000 0.000000 0.000000 0.000000 
-0.415999 0.012398 0.000572 -0.007820 -0.000572 0.000191 0.002861 0.039102 0.000000 0.000000 0.000000 0.000000 0.000000 
-0.415999 0.012398 0.000572 -0.007820 -0.000572 0.000191 0.002861 0.039102 0.000000 0.000000 0.000000 0.000000 0.000000 
-0.415999 0.012398 0.000572 -0.007820 -0.000572 0.000191 0.002861 0.038720 0.000000 0.000000 0.000000 0.000000 0.000000 
-0.415618 0.012398 0.000572 -0.007820 -0.000572 0.000191 0.002861 0.039102 0.000000 0.000000 0.000000 0.000000 0.000000 
-0.415236 0.012398 0.000572 -0.007820 -0.000572 0.000191 0.002861 0.038720 0.000000 0.000000 0.000000 0.000000 0.000000 
-0.414474 0.012398 0.000572 -0.007820 -0.000572 0.000191 0.002861 0.039102 0.000000 0.000000 0.000000 0.000000 0.000000 
-0.413711 0.012398 0.000572 -0.007820 -0.000572 0.000191 0.002861 0.039102 0.000000 0.000000 0.000000 0.000000 0.000000 
-0.412566 0.012398 0.000572 -0.007820 -0.000572 0.000191 0.002861 0.038720 0.000000 0.000000 0.000000 0.000000 0.000000 
-0.411803 0.012398 0.000572 -0.007820 -0.000572 0.000191 0.002861 0.038720 0.000000 0.000000 0.000000 0.000000 0.000000 
-0.410659 0.012779 0.000572 -0.007820 -0.000572 0.000191 0.002861 0.039102 0.000000 0.000000 0.000000 0.000000 0.000000 
-0.409896 0.012779 0.000572 -0.007820 -0.000572 0.000191 0.002861 0.039102 0.000000 0.000000 0.000000 0.000000 0.000000 
-0.408751 0.012779 0.000572 -0.007820 -0.000572 0.000191 0.002861 0.039102 0.000000 0.000000 0.000000 0.000000 0.000000 
-0.407989 0.013161 0.000572 -0.007820 -0.000572 0.000191 0.002861 0.039102 0.000000 0.000000 0.000000 0.000000 0.000000 
-0.406844 0.013542 0.000572 -0.007820 -0.000572 0.000191 0.002861 0.039102 0.000000 0.000000 0.000000 0.000000 0.000000 
-0.406080 0.013542 0.000572 -0.007820 -0.000572 0.000191 0.002861 0.039102 0.000000 0.000000 0.000000 0.000000 0.000000 
-0.404936 0.013924 0.000572 -0.007820 -0.000572 0.000191 0.002861 0.039102 0.000000 0.000000 0.000000 0.000000 0.000000 
-0.403791 0.014305 0.000572 -0.007820 -0.000572 0.000191 0.002861 0.038720 0.000000 0.000000 0.000000 0.000000 0.000000 
-0.402266 0.014687 0.000572 -0.007820 -0.000572 0.000191 0.002861 0.038720 0.000000 0.000000 0.000000 0.000000 0.000000 
-0.400740 0.015450 0.000572 -0.007820 -0.000572 0.000191 0.002861 0.039102 0.000000 0.000000 0.000000 0.000000 0.000000 
-0.398832 0.015831 0.000572 -0.007820 -0.000572 0.000191 0.002480 0.039102 0.000000 0.000000 0.000000 0.000000 0.000000 
-0.397306 0.016594 0.000572 -0.007820 -0.000572 0.000191 0.002480 0.039102 0.000000 0.000000 0.000000 0.000000 0.000000 
-0.395399 0.016975 0.000572 -0.007820 -0.000572 0.000191 0.002480 0.039102 0.000000 0.000000 0.000000 0.000000 0.000000 
-0.393492 0.017738 0.000572 -0.007820 -0.000572 0.000191 0.002480 0.038720 0.000000 0.000000 0.000000 0.000000 0.000000 
-0.391966 0.018501 0.000572 -0.007820 -0.000572 0.000191 0.002098 0.039102 0.000000 0.000000 0.000000 0.000000 0.000000 
-0.390059 0.019264 0.000572 -0.007820 -0.000572 0.000191 0.002098 0.038720 0.000000 0.000000 0.000000 0.000000 0.000000 
-0.388151 0.020027 0.000572 -0.007820 -0.000572 0.000191 0.002098 0.038720 0.000000 0.000000 0.000000 0.000000 0.000000 
-0.386244 0.020790 0.000572 -0.007820 -0.000572 0.000191 0.002098 0.039102 0.000000 0.000000 0.000000 0.000000 0.000000 
-0.384336 0.021553 0.000572 -0.007820 -0.000572 0.000191 0.001717 0.039102 0.000000 0.000000 0.000000 0.000000 0.000000 
-0.381666 0.022316 0.000572 -0.007820 -0.000572 0.000191 0.001717 0.039102 0.000000 0.000000 0.000000 0.000000 0.000000 
-0.378996 0.023079 0.000572 -0.007820 -0.000572 0.000191 0.002098 0.039102 0.000000 0.000000 0.000000 0.000000 0.000000 
-0.376707 0.024223 0.000572 -0.007820 -0.000572 0.000191 0.002098 0.039102 0.000000 0.000000 0.000000 0.000000 0.000000 
-0.374037 0.025368 0.000572 -0.007820 -0.000572 0.000191 0.002098 0.039102 0.000000 0.000000 0.000000 0.000000 0.000000 
-0.371748 0.026131 0.000572 -0.007820 -0.000572 0.000191 0.002480 0.039102 0.000000 0.000000 0.000000 0.000000 0.000000 
-0.369459 0.027275 0.000572 -0.007820 -0.000572 0.000191 0.002480 0.039102 0.000000 0.000000 0.000000 0.000000 0.000000 
-0.367170 0.028038 0.000572 -0.007820 -0.000572 0.000191 0.002098 0.039102 0.000000 0.000000 0.000000 0.000000 0.000000 
-0.364500 0.028801 0.000572 -0.007820 -0.000572 0.000191 0.002480 0.039102 0.000000 0.000000 0.000000 0.000000 0.000000 
-0.361448 0.029945 0.000572 -0.007820 -0.000572 0.000191 0.002098 0.039102 0.000000 0.000000 0.000000 0.000000 0.000000 
-0.358778 0.031090 0.000572 -0.007820 -0.000572 0.000191 0.002480 0.039102 0.000000 0.000000 0.000000 0.000000 0.000000 
-0.355726 0.032235 0.000572 -0.007820 -0.000572 0.000191 0.002480 0.039102 0.000000 0.000000 0.000000 0.000000 0.000000 
-0.353056 0.032998 0.000572 -0.007820 -0.000572 0.000191 0.002480 0.038720 0.000000 0.000000 0.000000 0.000000 0.000000 
-0.350004 0.034142 0.000572 -0.007820 -0.000572 0.000191 0.002480 0.039102 0.000000 0.000000 0.000000 0.000000 0.000000 
-0.346952 0.034905 0.000572 -0.007820 -0.000572 0.000191 0.002480 0.039102 0.000000 0.000000 0.000000 0.000000 0.000000 
-0.343901 0.036050 0.000572 -0.007820 -0.000572 0.000191 0.002480 0.039102 0.000000 0.000000 0.000000 0.000000 0.000000 
-0.340466 0.037194 0.000572 -0.007820 -0.000572 0.000191 0.002480 0.038720 0.000000 0.000000 0.000000 0.000000 0.000000 
-0.337796 0.037957 0.000572 -0.007820 -0.000572 0.000191 0.002480 0.039102 0.000000 0.000000 0.000000 0.000000 0.000000 
-0.334744 0.039102 0.000572 -0.007820 -0.000572 0.000191 0.002480 0.039102 0.000000 0.000000 0.000000 0.000000 0.000000 
-0.331311 0.039865 0.000572 -0.007820 -0.000572 0.000191 0.002480 0.039102 0.000000 0.000000 0.000000 0.000000 0.000000 
-0.327878 0.040627 0.000572 -0.007820 -0.000572 0.000191 0.002480 0.039102 0.000000 0.000000 0.000000 0.000000 0.000000 
-0.324445 0.041772 0.000572 -0.007820 -0.000572 0.000191 0.002480 0.039102 0.000000 0.000000 0.000000 0.000000 0.000000 
-0.321012 0.042535 0.000572 -0.007820 -0.000572 0.000191 0.002480 0.039102 0.000000 0.000000 0.000000 0.000000 0.000000 
-0.317960 0.043679 0.000572 -0.007820 -0.000572 0.000191 0.002480 0.038720 0.000000 0.000000 0.000000 0.000000 0.000000 
-0.314527 0.044442 0.000572 -0.007820 -0.000572 0.000191 0.002480 0.039102 0.000000 0.000000 0.000000 0.000000 0.000000 
-0.311093 0.045587 0.000572 -0.007820 -0.000572 0.000191 0.002480 0.039102 0.000000 0.000000 0.000000 0.000000 0.000000 
-0.307660 0.046350 0.000572 -0.007820 -0.000572 0.000191 0.002480 0.038720 0.000000 0.000000 0.000000 0.000000 0.000000 
-0.304227 0.047112 0.000572 -0.007820 -0.000572 0.000191 0.002480 0.038720 0.000000 0.000000 0.000000 0.000000 0.000000 
-0.300794 0.047875 0.000572 -0.007820 -0.000572 0.000191 0.002480 0.039102 0.000000 0.000000 0.000000 0.000000 0.000000 
-0.297360 0.048638 0.000572 -0.007820 -0.000572 0.000191 0.002480 0.039102 0.000000 0.000000 0.000000 0.000000 0.000000 
-0.293927 0.049401 0.000572 -0.007820 -0.000572 0.000191 0.002480 0.039102 0.000000 0.000000 0.000000 0.000000 0.000000 
-0.290112 0.050164 0.000572 -0.007820 -0.000572 0.000191 0.002480 0.039102 0.000000 0.000000 0.000000 0.000000 0.000000 
-0.286679 0.050927 0.000572 -0.007820 -0.000572 0.000191 0.002480 0.039102 0.000000 0.000000 0.000000 0.000000 0.000000 
-0.283246 0.051690 0.000572 -0.007820 -0.000572 0.000191 0.002480 0.039102 0.000000 0.000000 0.000000 0.000000 0.000000 
-0.279049 0.052453 0.000572 -0.007820 -0.000572 0.000191 0.002480 0.038720 0.000000 0.000000 0.000000 0.000000 0.000000 
-0.275997 0.052835 0.000572 -0.007820 -0.000572 0.000191 0.002480 0.038720 0.000000 0.000000 0.000000 0.000000 0.000000 
-0.272564 0.053216 0.000572 -0.007820 -0.000572 0.000191 0.002480 0.039102 0.000000 0.000000 0.000000 0.000000 0.000000 
-0.269131 0.053597 0.000572 -0.007820 -0.000572 0.000191 0.002480 0.039102 0.000000 0.000000 0.000000 0.000000 0.000000 
-0.265316 0.054360 0.000572 -0.007820 -0.000572 0.000191 0.002480 0.039102 0.000000 0.000000 0.000000 0.000000 0.000000 
-0.262264 0.054742 0.000572 -0.007820 -0.000572 0.000191 0.002480 0.039102 0.000000 0.000000 0.000000 0.000000 0.000000 
-0.258831 0.055123 0.000572 -0.007820 -0.000572 0.000191 0.002861 0.039102 0.000000 0.000000 0.000000 0.000000 0.000000 
-0.255016 0.055505 0.000572 -0.007820 -0.000572 0.000191 0.002861 0.039102 0.000000 0.000000 0.000000 0.000000 0.000000 
-0.251583 0.055886 0.000572 -0.007820 -0.000572 0.000191 0.002861 0.039102 0.000000 0.000000 0.000000 0.000000 0.000000 
-0.247768 0.056649 0.000572 -0.007820 -0.000572 0.000191 0.002480 0.039102 0.000000 0.000000 0.000000 0.000000 0.000000 
-0.244335 0.057031 0.000572 -0.007820 -0.000572 0.000191 0.002480 0.039102 0.000000 0.000000 0.000000 0.000000 0.000000 
-0.240902 0.057412 0.000572 -0.007820 -0.000572 0.000191 0.002861 0.039102 0.000000 0.000000 0.000000 0.000000 0.000000 
-0.237469 0.057412 0.000572 -0.007820 -0.000572 0.000191 0.002861 0.039102 0.000000 0.000000 0.000000 0.000000 0.000000 
-0.234417 0.057794 0.000572 -0.007820 -0.000572 0.000191 0.002861 0.039102 0.000000 0.000000 0.000000 0.000000 0.000000 
-0.230984 0.058175 0.000572 -0.007820 -0.000572 0.000191 0.002480 0.038720 0.000000 0.000000 0.000000 0.000000 0.000000 
-0.227551 0.058175 0.000572 -0.007820 -0.000572 0.000191 0.002861 0.039102 0.000000 0.000000 0.000000 0.000000 0.000000 
-0.224117 0.058175 0.000572 -0.007820 -0.000572 0.000191 0.002480 0.039102 0.000000 0.000000 0.000000 0.000000 0.000000 
-0.221066 0.058175 0.000572 -0.007820 -0.000572 0.000191 0.002861 0.039102 0.000000 0.000000 0.000000 0.000000 0.000000 
-0.217631 0.058557 0.000572 -0.007820 -0.000572 0.000191 0.002861 0.039102 0.000000 0.000000 0.000000 0.000000 0.000000 
-0.214198 0.058175 0.000572 -0.007820 -0.000572 0.000191 0.002861 0.039102 0.000000 0.000000 0.000000 0.000000 0.000000 
-0.211146 0.058175 0.000572 -0.007820 -0.000572 0.000191 0.002861 0.038720 0.000000 0.000000 0.000000 0.000000 0.000000 
-0.208095 0.058175 0.000572 -0.007820 -0.000572 0.000191 0.002480 0.039102 0.000000 0.000000 0.000000 0.000000 0.000000 
-0.204661 0.058175 0.000572 -0.007820 -0.000572 0.000191 0.002480 0.038720 0.000000 0.000000 0.000000 0.000000 0.000000 
-0.201610 0.058175 0.000572 -0.007820 -0.000572 0.000191 0.002861 0.039102 0.000000 0.000000 0.000000 0.000000 0.000000 
-0.198558 0.058175 0.000572 -0.007820 -0.000572 0.000191 0.002480 0.038720 0.000000 0.000000 0.000000 0.000000 0.000000 
-0.195506 0.058175 0.000572 -0.007820 -0.000572 0.000191 0.002861 0.038720 0.000000 0.000000 0.000000 0.000000 0.000000 
-0.192454 0.058175 0.000572 -0.007820 -0.000572 0.000191 0.002861 0.039102 0.000000 0.000000 0.000000 0.000000 0.000000 
-0.189403 0.058175 0.000572 -0.007820 -0.000572 0.000191 0.002480 0.039102 0.000000 0.000000 0.000000 0.000000 0.000000 
-0.186732 0.058175 0.000572 -0.007820 -0.000572 0.000191 0.002861 0.039102 0.000000 0.000000 0.000000 0.000000 0.000000 
-0.183681 0.058175 0.000572 -0.007820 -0.000572 0.000191 0.002861 0.039102 0.000000 0.000000 0.000000 0.000000 0.000000 
-0.180629 0.058175 0.000572 -0.007820 -0.000572 0.000191 0.002480 0.039102 0.000000 0.000000 0.000000 0.000000 0.000000 
-0.177577 0.058175 0.000572 -0.007820 -0.000572 0.000191 0.002480 0.039102 0.000000 0.000000 0.000000 0.000000 0.000000 
-0.174907 0.058175 0.000572 -0.007820 -0.000572 0.000191 0.002861 0.039102 0.000000 0.000000 0.000000 0.000000 0.000000 
-0.172618 0.058175 0.000572 -0.007820 -0.000572 0.000191 0.002861 0.039102 0.000000 0.000000 0.000000 0.000000 0.000000 
-0.169948 0.058175 0.000572 -0.007820 -0.000572 0.000191 0.002861 0.039102 0.000000 0.000000 0.000000 0.000000 0.000000 
-0.167277 0.058175 0.000572 -0.007820 -0.000572 0.000191 0.002861 0.038720 0.000000 0.000000 0.000000 0.000000 0.000000 
-0.164989 0.058175 0.000572 -0.007820 -0.000572 0.000191 0.002480 0.038720 0.000000 0.000000 0.000000 0.000000 0.000000 
-0.162318 0.057794 0.000572 -0.007820 -0.000572 0.000191 0.002480 0.038720 0.000000 0.000000 0.000000 0.000000 0.000000 
-0.160411 0.057794 0.000572 -0.007820 -0.000572 0.000191 0.002098 0.039102 0.000000 0.000000 0.000000 0.000000 0.000000 
-0.158122 0.057794 0.000572 -0.007820 -0.000954 0.000191 0.002098 0.038720 0.000000 0.000000 0.000000 0.000000 0.000000 
-0.155832 0.057794 0.000572 -0.007820 -0.000954 0.000191 0.001717 0.038720 0.000000 0.000000 0.000000 0.000000 0.000000 
-0.153925 0.057794 0.000572 -0.007820 -0.000954 0.000191 0.001717 0.038720 0.000000 0.000000 0.000000 0.000000 0.000000 
-0.151636 0.057794 0.000572 -0.007820 -0.000954 0.000191 0.001335 0.039102 0.000000 0.000000 0.000000 0.000000 0.000000 
-0.149729 0.057794 0.000572 -0.007820 -0.000954 0.000191 0.000954 0.039102 0.000000 0.000000 0.000000 0.000000 0.000000 
-0.147821 0.057412 0.000572 -0.007820 -0.000954 0.000191 0.000954 0.038720 0.000000 0.000000 0.000000 0.000000 0.000000 
-0.146296 0.057412 0.000572 -0.007820 -0.000954 0.000191 0.000954 0.039102 0.000000 0.000000 0.000000 0.000000 0.000000 
-0.144770 0.057412 0.000572 -0.007820 -0.000954 0.000191 0.001335 0.039102 0.000000 0.000000 0.000000 0.000000 0.000000 
-0.143244 0.057031 0.000572 -0.007820 -0.000954 0.000191 0.001335 0.039102 0.000000 0.000000 0.000000 0.000000 0.000000 
-0.141336 0.057031 0.000572 -0.007820 -0.000954 0.000191 0.001335 0.039102 0.000000 0.000000 0.000000 0.000000 0.000000 
-0.140574 0.057031 0.000572 -0.007820 -0.000954 0.000191 0.001335 0.038720 0.000000 0.000000 0.000000 0.000000 0.000000 
-0.139429 0.057031 0.000572 -0.007820 -0.000954 0.000191 0.001717 0.039102 0.000000 0.000000 0.000000 0.000000 0.000000 
-0.137903 0.057031 0.000572 -0.007820 -0.000954 0.000191 0.001717 0.039102 0.000000 0.000000 0.000000 0.000000 0.000000 
-0.137140 0.057031 0.000572 -0.007820 -0.000954 0.000191 0.001717 0.039102 0.000000 0.000000 0.000000 0.000000 0.000000 
-0.135996 0.057031 0.000572 -0.007820 -0.000954 0.000191 0.002098 0.039102 0.000000 0.000000 0.000000 0.000000 0.000000 
-0.135233 0.057031 0.000572 -0.007820 -0.000954 0.000191 0.002098 0.038720 0.000000 0.000000 0.000000 0.000000 0.000000 
-0.134470 0.057031 0.000572 -0.007820 -0.000954 0.000191 0.002098 0.039102 0.000000 0.000000 0.000000 0.000000 0.000000 
-0.133707 0.057031 0.000572 -0.007820 -0.000954 0.000191 0.002098 0.038720 0.000000 0.000000 0.000000 0.000000 0.000000 
-0.133326 0.057031 0.000572 -0.007820 -0.000954 0.000191 0.002098 0.039102 0.000000 0.000000 0.000000 0.000000 0.000000 
-0.132563 0.057031 0.000572 -0.007820 -0.000954 0.000191 0.001717 0.038720 0.000000 0.000000 0.000000 0.000000 0.000000 
-0.132181 0.057031 0.000572 -0.007820 -0.000954 0.000191 0.001717 0.039102 0.000000 0.000000 0.000000 0.000000 0.000000 
-0.132181 0.057031 0.000572 -0.007820 -0.000954 0.000191 0.001717 0.039102 0.000000 0.000000 0.000000 0.000000 0.000000 
-0.131800 0.057031 0.000572 -0.007820 -0.000954 0.000191 0.001717 0.039102 0.000000 0.000000 0.000000 0.000000 0.000000 
-0.131800 0.057031 0.000572 -0.007820 -0.000954 0.000191 0.001717 0.039102 0.000000 0.000000 0.000000 0.000000 0.000000 
-0.131800 0.057031 0.000572 -0.007820 -0.000954 0.000191 0.002098 0.039102 0.000000 0.000000 0.000000 0.000000 0.000000 
-0.131800 0.057031 0.000572 -0.007820 -0.000954 0.000191 0.001717 0.039102 0.000000 0.000000 0.000000 0.000000 0.000000 
-0.131418 0.057031 0.000572 -0.007820 -0.000954 0.000191 0.001717 0.039102 0.000000 0.000000 0.000000 0.000000 0.000000 
-0.131800 0.057031 0.000572 -0.007820 -0.000954 0.000191 0.001717 0.039102 0.000000 0.000000 0.000000 0.000000 0.000000 
-0.131800 0.057031 0.000572 -0.007820 -0.000954 0.000191 0.001717 0.039102 0.000000 0.000000 0.000000 0.000000 0.000000 
-0.131800 0.057031 0.000572 -0.007820 -0.000954 0.000191 0.001717 0.039102 0.000000 0.000000 0.000000 0.000000 0.000000 
-0.131800 0.057031 0.000572 -0.007820 -0.000954 0.000191 0.001717 0.039102 0.000000 0.000000 0.000000 0.000000 0.000000 
-0.131800 0.057031 0.000572 -0.007820 -0.000954 0.000191 0.001717 0.039102 0.000000 0.000000 0.000000 0.000000 0.000000 
-0.131800 0.057031 0.000572 -0.007820 -0.000954 0.000191 0.001717 0.039102 0.000000 0.000000 0.000000 0.000000 0.000000 
-0.131800 0.057031 0.000572 -0.007820 -0.000954 0.000191 0.001717 0.038720 0.000000 0.000000 0.000000 0.000000 0.000000 
-0.131800 0.057031 0.000572 -0.007820 -0.000954 0.000191 0.001717 0.038720 0.000000 0.000000 0.000000 0.000000 0.000000 
-0.131800 0.057031 0.000572 -0.007820 -0.000954 0.000191 0.001717 0.039102 0.000000 0.000000 0.000000 0.000000 0.000000 
-0.131800 0.057031 0.000572 -0.007820 -0.000954 0.000191 0.002098 0.039102 0.000000 0.000000 0.000000 0.000000 0.000000 
-0.131800 0.057031 0.000572 -0.007820 -0.000954 0.000191 0.001717 0.039102 0.000000 0.000000 0.000000 0.000000 0.000000 
-0.131800 0.057031 0.000572 -0.007820 -0.000954 0.000191 0.002098 0.039102 0.000000 0.000000 0.000000 0.000000 0.000000 
-0.131800 0.057031 0.000572 -0.007820 -0.000954 0.000191 0.002098 0.039102 0.000000 0.000000 0.000000 0.000000 0.000000 
-0.132181 0.057031 0.000572 -0.007820 -0.000954 0.000191 0.002098 0.038720 0.000000 0.000000 0.000000 0.000000 0.000000 
-0.132181 0.057031 0.000572 -0.007820 -0.000954 0.000191 0.001717 0.038720 0.000000 0.000000 0.000000 0.000000 0.000000 
-0.132181 0.057031 0.000572 -0.007820 -0.000954 0.000191 0.001717 0.039102 0.000000 0.000000 0.000000 0.000000 0.000000 
-0.132181 0.057031 0.000572 -0.007820 -0.000954 0.000191 0.002098 0.039102 0.000000 0.000000 0.000000 0.000000 0.000000 
-0.132181 0.057031 0.000572 -0.007820 -0.000954 0.000191 0.002098 0.039102 0.000000 0.000000 0.000000 0.000000 0.000000 
-0.132181 0.057031 0.000572 -0.007820 -0.000954 0.000191 0.001717 0.039102 0.000000 0.000000 0.000000 0.000000 0.000000 
-0.132181 0.057031 0.000572 -0.007820 -0.000954 0.000191 0.002098 0.039102 0.000000 0.000000 0.000000 0.000000 0.000000 
-0.132181 0.057031 0.000572 -0.007820 -0.000954 0.000191 0.001717 0.038720 0.000000 0.000000 0.000000 0.000000 0.000000 
-0.132181 0.057031 0.000572 -0.007820 -0.000954 0.000191 0.002098 0.039102 0.000000 0.000000 0.000000 0.000000 0.000000 
-0.132181 0.057031 0.000572 -0.007820 -0.000954 0.000191 0.002098 0.039102 0.000000 0.000000 0.000000 0.000000 0.000000 
-0.131800 0.057031 0.000572 -0.007820 -0.000954 0.000191 0.002098 0.039102 0.000000 0.000000 0.000000 0.000000 0.000000 
-0.131800 0.057031 0.000572 -0.007820 -0.000954 0.000191 0.001717 0.039102 0.000000 0.000000 0.000000 0.000000 0.000000 
-0.131800 0.057031 0.000572 -0.007820 -0.000954 0.000191 0.001717 0.039102 0.000000 0.000000 0.000000 0.000000 0.000000 
-0.131800 0.057031 0.000572 -0.007820 -0.000954 0.000191 0.001717 0.039102 0.000000 0.000000 0.000000 0.000000 0.000000 
-0.131800 0.057031 0.000572 -0.007820 -0.000954 0.000191 0.001717 0.039102 0.000000 0.000000 0.000000 0.000000 0.000000 
-0.131800 0.057031 0.000572 -0.007820 -0.000954 0.000191 0.001717 0.039102 0.000000 0.000000 0.000000 0.000000 0.000000 
-0.131800 0.057031 0.000572 -0.007820 -0.000954 0.000191 0.002098 0.039102 0.000000 0.000000 0.000000 0.000000 0.000000 
-0.131800 0.057031 0.000572 -0.007820 -0.000954 0.000191 0.001717 0.039102 0.000000 0.000000 0.000000 0.000000 0.000000 
-0.131800 0.057031 0.000572 -0.007820 -0.000954 0.000191 0.001717 0.038720 0.000000 0.000000 0.000000 0.000000 0.000000 
-0.131800 0.057031 0.000572 -0.007820 -0.000954 0.000191 0.001717 0.038720 0.000000 0.000000 0.000000 0.000000 0.000000 
-0.131800 0.057031 0.000572 -0.007820 -0.000954 0.000191 0.001717 0.039102 0.000000 0.000000 0.000000 0.000000 0.000000 
-0.131800 0.057031 0.000572 -0.007820 -0.000954 0.000191 0.001717 0.039102 0.000000 0.000000 0.000000 0.000000 0.000000 
-0.131800 0.057031 0.000572 -0.007820 -0.000954 0.000191 0.001717 0.039102 0.000000 0.000000 0.000000 0.000000 0.000000 
-0.131800 0.057031 0.000572 -0.007820 -0.000954 0.000191 0.001717 0.039102 0.000000 0.000000 0.000000 0.000000 0.000000 
-0.131800 0.057031 0.000572 -0.007820 -0.000954 0.000191 0.001717 0.039102 0.000000 0.000000 0.000000 0.000000 0.000000 
-0.131800 0.057031 0.000572 -0.007820 -0.000954 0.000191 0.001717 0.039102 0.000000 0.000000 0.000000 0.000000 0.000000 
-0.131800 0.057031 0.000572 -0.007820 -0.000954 0.000191 0.001717 0.039102 0.000000 0.000000 0.000000 0.000000 0.000000 
-0.131800 0.057031 0.000572 -0.007820 -0.000954 0.000191 0.001717 0.039102 0.000000 0.000000 0.000000 0.000000 0.000000 
-0.131800 0.057031 0.000572 -0.007820 -0.000954 0.000191 0.001717 0.039102 0.000000 0.000000 0.000000 0.000000 0.000000 
-0.131800 0.057031 0.000572 -0.007820 -0.000954 0.000191 0.001717 0.039102 0.000000 0.000000 0.000000 0.000000 0.000000 
-0.131800 0.057031 0.000572 -0.007820 -0.000954 0.000191 0.001717 0.038720 0.000000 0.000000 0.000000 0.000000 0.000000 
