-0.000000 -0.000000 -0.000000 0.000000 0.000000 0.000000 -0.000000 0.000000 0.000000 0.000000 0.000000 0.000000 0.000000 
-0.000379 -0.000000 0.000974 0.000000 0.000000 0.000000 0.000081 0.000000 0.000000 0.000000 0.000000 0.000000 0.000000 
-0.001505 -0.000000 0.003862 0.000000 0.000000 0.000000 0.000322 0.000000 0.000000 0.000000 0.000000 0.000000 0.000000 
-0.003362 -0.000000 0.008615 0.000000 0.000000 0.000000 0.000718 0.000000 0.000000 0.000000 0.000000 0.000000 0.000000 
-0.005934 -0.000000 0.015184 0.000000 0.000000 0.000000 0.001265 0.000000 0.000000 0.000000 0.000000 0.000000 0.000000 
-0.009204 -0.000000 0.023521 0.000000 0.000000 0.000000 0.001960 0.000000 0.000000 0.000000 0.000000 0.000000 0.000000 
-0.013155 -0.000000 0.033576 0.000000 0.000000 0.000000 0.002798 0.000000 0.000000 0.000000 0.000000 0.000000 0.000000 
-0.017772 -0.000000 0.045299 0.000000 0.000000 0.000000 0.003775 0.000000 0.000000 0.000000 0.000000 0.000000 0.000000 
-0.023038 -0.000000 0.058643 0.000000 0.000000 0.000000 0.004887 0.000000 0.000000 0.000000 0.000000 0.000000 0.000000 
-0.028937 -0.000000 0.073557 0.000000 0.000000 0.000000 0.006130 0.000000 0.000000 0.000000 0.000000 0.000000 0.000000 
-0.035452 -0.000000 0.089994 0.000000 0.000000 0.000000 0.007499 0.000000 0.000000 0.000000 0.000000 0.000000 0.000000 
-0.042567 -0.000000 0.107902 0.000000 0.000000 0.000000 0.008992 0.000000 0.000000 0.000000 0.000000 0.000000 0.000000 
-0.050265 -0.000000 0.127235 0.000000 0.000000 0.000000 0.010603 0.000000 0.000000 0.000000 0.000000 0.000000 0.000000 
-0.058531 -0.000000 0.147941 0.000000 0.000000 0.000000 0.012328 0.000000 0.000000 0.000000 0.000000 0.000000 0.000000 
-0.067348 -0.000000 0.169973 0.000000 0.000000 0.000000 0.014164 0.000000 0.000000 0.000000 0.000000 0.000000 0.000000 
-0.076699 -0.000000 0.193282 0.000000 0.000000 0.000000 0.016107 0.000000 0.000000 0.000000 0.000000 0.000000 0.000000 
-0.086568 -0.000000 0.217817 0.000000 0.000000 0.000000 0.018151 0.000000 0.000000 0.000000 0.000000 0.000000 0.000000 
-0.096939 -0.000000 0.243531 0.000000 0.000000 0.000000 0.020294 0.000000 0.000000 0.000000 0.000000 0.000000 0.000000 
-0.107796 -0.000000 0.270373 0.000000 0.000000 0.000000 0.022531 0.000000 0.000000 0.000000 0.000000 0.000000 0.000000 
-0.119121 -0.000000 0.298296 0.000000 0.000000 0.000000 0.024858 0.000000 0.000000 0.000000 0.000000 0.000000 0.000000 
-0.130900 -0.000000 0.327249 0.000000 0.000000 0.000000 0.027271 0.000000 0.000000 0.000000 0.000000 0.000000 0.000000 
-0.143114 -0.000000 0.357184 0.000000 0.000000 0.000000 0.029765 0.000000 0.000000 0.000000 0.000000 0.000000 0.000000 
-0.155749 -0.000000 0.388052 0.000000 0.000000 0.000000 0.032338 0.000000 0.000000 0.000000 0.000000 0.000000 0.000000 
-0.168787 -0.000000 0.419803 0.000000 0.000000 0.000000 0.034984 0.000000 0.000000 0.000000 0.000000 0.000000 0.000000 
-0.182212 -0.000000 0.452389 0.000000 0.000000 0.000000 0.037699 0.000000 0.000000 0.000000 0.000000 0.000000 0.000000 
-0.196009 -0.000000 0.485761 0.000000 0.000000 0.000000 0.040480 0.000000 0.000000 0.000000 0.000000 0.000000 0.000000 
-0.210159 -0.000000 0.519868 0.000000 0.000000 0.000000 0.043322 0.000000 0.000000 0.000000 0.000000 0.000000 0.000000 
-0.224648 -0.000000 0.554663 0.000000 0.000000 0.000000 0.046222 0.000000 0.000000 0.000000 0.000000 0.000000 0.000000 
-0.239459 -0.000000 0.590096 0.000000 0.000000 0.000000 0.049175 0.000000 0.000000 0.000000 0.000000 0.000000 0.000000 
-0.254575 -0.000000 0.626118 0.000000 0.000000 0.000000 0.052176 0.000000 0.000000 0.000000 0.000000 0.000000 0.000000 
-0.269981 -0.000000 0.662680 0.000000 0.000000 0.000000 0.055223 0.000000 0.000000 0.000000 0.000000 0.000000 0.000000 
-0.285659 -0.000000 0.699732 0.000000 0.000000 0.000000 0.058311 0.000000 0.000000 0.000000 0.000000 0.000000 0.000000 
-0.301593 -0.000000 0.737227 0.000000 0.000000 0.000000 0.061436 0.000000 0.000000 0.000000 0.000000 0.000000 0.000000 
-0.317767 -0.000000 0.775114 0.000000 0.000000 0.000000 0.064593 0.000000 0.000000 0.000000 0.000000 0.000000 0.000000 
-0.334165 -0.000000 0.813345 0.000000 0.000000 0.000000 0.067779 0.000000 0.000000 0.000000 0.000000 0.000000 0.000000 
-0.350770 -0.000000 0.851871 0.000000 0.000000 0.000000 0.070989 0.000000 0.000000 0.000000 0.000000 0.000000 0.000000 
-0.367566 -0.000000 0.890642 0.000000 0.000000 0.000000 0.074220 0.000000 0.000000 0.000000 0.000000 0.000000 0.000000 
-0.384537 -0.000000 0.929609 0.000000 0.000000 0.000000 0.077467 0.000000 0.000000 0.000000 0.000000 0.000000 0.000000 
-0.401666 -0.000000 0.968723 0.000000 0.000000 0.000000 0.080727 0.000000 0.000000 0.000000 0.000000 0.000000 0.000000 
-0.418936 -0.000000 1.007936 0.000000 0.000000 0.000000 0.083995 0.000000 0.000000 0.000000 0.000000 0.000000 0.000000 
-0.436332 -0.000000 1.047198 0.000000 0.000000 0.000000 0.087266 0.000000 0.000000 0.000000 0.000000 0.000000 0.000000 
-0.453837 -0.000000 1.086459 0.000000 0.000000 0.000000 0.090538 0.000000 0.000000 0.000000 0.000000 0.000000 0.000000 
-0.471435 -0.000000 1.125672 0.000000 0.000000 0.000000 0.093806 0.000000 0.000000 0.000000 0.000000 0.000000 0.000000 
-0.489109 -0.000000 1.164786 0.000000 0.000000 0.000000 0.097066 0.000000 0.000000 0.000000 0.000000 0.000000 0.000000 
-0.506844 -0.000000 1.203754 0.000000 0.000000 0.000000 0.100313 0.000000 0.000000 0.000000 0.000000 0.000000 0.000000 
-0.524621 -0.000000 1.242524 0.000000 0.000000 0.000000 0.103544 0.000000 0.000000 0.000000 0.000000 0.000000 0.000000 
-0.542427 -0.000000 1.281050 0.000000 0.000000 0.000000 0.106754 0.000000 0.000000 0.000000 0.000000 0.000000 0.000000 
-0.560242 -0.000000 1.319281 0.000000 0.000000 0.000000 0.109940 0.000000 0.000000 0.000000 0.000000 0.000000 0.000000 
-0.578053 -0.000000 1.357168 0.000000 0.000000 0.000000 0.113097 0.000000 0.000000 0.000000 0.000000 0.000000 0.000000 
-0.595842 -0.000000 1.394663 0.000000 0.000000 0.000000 0.116222 0.000000 0.000000 0.000000 0.000000 0.000000 0.000000 
-0.613592 -0.000000 1.431715 0.000000 0.000000 0.000000 0.119310 0.000000 0.000000 0.000000 0.000000 0.000000 0.000000 
-0.631288 -0.000000 1.468277 0.000000 0.000000 0.000000 0.122356 0.000000 0.000000 0.000000 0.000000 0.000000 0.000000 
-0.648913 -0.000000 1.504299 0.000000 0.000000 0.000000 0.125358 0.000000 0.000000 0.000000 0.000000 0.000000 0.000000 
-0.666451 -0.000000 1.539732 0.000000 0.000000 0.000000 0.128311 0.000000 0.000000 0.000000 0.000000 0.000000 0.000000 
-0.683885 -0.000000 1.574527 0.000000 0.000000 0.000000 0.131211 0.000000 0.000000 0.000000 0.000000 0.000000 0.000000 
-0.701200 -0.000000 1.608634 0.000000 0.000000 0.000000 0.134053 0.000000 0.000000 0.000000 0.000000 0.000000 0.000000 
-0.718378 -0.000000 1.642006 0.000000 0.000000 0.000000 0.136834 0.000000 0.000000 0.000000 0.000000 0.000000 0.000000 
-0.735403 -0.000000 1.674592 0.000000 0.000000 0.000000 0.139549 0.000000 0.000000 0.000000 0.000000 0.000000 0.000000 
-0.752259 -0.000000 1.706343 0.000000 0.000000 0.000000 0.142195 0.000000 0.000000 0.000000 0.000000 0.000000 0.000000 
-0.768929 -0.000000 1.737211 0.000000 0.000000 0.000000 0.144768 0.000000 0.000000 0.000000 0.000000 0.000000 0.000000 
-0.785398 -0.000000 1.767146 0.000000 0.000000 0.000000 0.147262 0.000000 0.000000 0.000000 0.000000 0.000000 0.000000 
-0.801649 -0.000000 1.796099 0.000000 0.000000 0.000000 0.149675 0.000000 0.000000 0.000000 0.000000 0.000000 0.000000 
-0.817665 -0.000000 1.824022 0.000000 0.000000 0.000000 0.152002 0.000000 0.000000 0.000000 0.000000 0.000000 0.000000 
-0.833430 -0.000000 1.850864 0.000000 0.000000 0.000000 0.154239 0.000000 0.000000 0.000000 0.000000 0.000000 0.000000 
-0.848928 -0.000000 1.876578 0.000000 0.000000 0.000000 0.156381 0.000000 0.000000 0.000000 0.000000 0.000000 0.000000 
-0.864142 -0.000000 1.901113 0.000000 0.000000 0.000000 0.158426 0.000000 0.000000 0.000000 0.000000 0.000000 0.000000 
-0.879057 -0.000000 1.924422 0.000000 0.000000 0.000000 0.160368 0.000000 0.000000 0.000000 0.000000 0.000000 0.000000 
-0.893655 -0.000000 1.946454 0.000000 0.000000 0.000000 0.162204 0.000000 0.000000 0.000000 0.000000 0.000000 0.000000 
-0.907920 -0.000000 1.967161 0.000000 0.000000 0.000000 0.163930 0.000000 0.000000 0.000000 0.000000 0.000000 0.000000 
-0.921837 -0.000000 1.986493 0.000000 0.000000 0.000000 0.165541 0.000000 0.000000 0.000000 0.000000 0.000000 0.000000 
-0.935387 -0.000000 2.004402 0.000000 0.000000 0.000000 0.167033 0.000000 0.000000 0.000000 0.000000 0.000000 0.000000 
-0.948556 -0.000000 2.020838 0.000000 0.000000 0.000000 0.168403 0.000000 0.000000 0.000000 0.000000 0.000000 0.000000 
-0.961327 -0.000000 2.035752 0.000000 0.000000 0.000000 0.169646 0.000000 0.000000 0.000000 0.000000 0.000000 0.000000 
-0.973684 -0.000000 2.049096 0.000000 0.000000 0.000000 0.170758 0.000000 0.000000 0.000000 0.000000 0.000000 0.000000 
-0.985609 -0.000000 2.060819 0.000000 0.000000 0.000000 0.171735 0.000000 0.000000 0.000000 0.000000 0.000000 0.000000 
-0.997087 -0.000000 2.070874 0.000000 0.000000 0.000000 0.172573 0.000000 0.000000 0.000000 0.000000 0.000000 0.000000 
-1.008102 -0.000000 2.079211 0.000000 0.000000 0.000000 0.173268 0.000000 0.000000 0.000000 0.000000 0.000000 0.000000 
-1.018637 -0.000000 2.085780 0.000000 0.000000 0.000000 0.173815 0.000000 0.000000 0.000000 0.000000 0.000000 0.000000 
-1.028675 -0.000000 2.090534 0.000000 0.000000 0.000000 0.174211 0.000000 0.000000 0.000000 0.000000 0.000000 0.000000 
-1.038201 -0.000000 2.093422 0.000000 0.000000 0.000000 0.174452 0.000000 0.000000 0.000000 0.000000 0.000000 0.000000 
-1.047198 -0.000000 2.094395 0.000000 0.000000 0.000000 0.174533 0.000000 0.000000 0.000000 0.000000 0.000000 0.000000 
-1.055907 0.000052 2.094239 0.000000 0.000000 0.000000 0.174481 0.000000 0.000000 0.000000 0.000000 0.000000 0.000000 
-1.064580 0.000207 2.093774 0.000000 0.000000 0.000000 0.174326 0.000000 0.000000 0.000000 0.000000 0.000000 0.000000 
-1.073216 0.000462 2.093005 0.000000 0.000000 0.000000 0.174071 0.000000 0.000000 0.000000 0.000000 0.000000 0.000000 
-1.081814 0.000815 2.091938 0.000000 0.000000 0.000000 0.173718 0.000000 0.000000 0.000000 0.000000 0.000000 0.000000 
-1.090373 0.001265 2.090577 0.000000 0.000000 0.000000 0.173268 0.000000 0.000000 0.000000 0.000000 0.000000 0.000000 
-1.098891 0.001810 2.088929 0.000000 0.000000 0.000000 0.172723 0.000000 0.000000 0.000000 0.000000 0.000000 0.000000 
-1.107369 0.002446 2.086997 0.000000 0.000000 0.000000 0.172087 0.000000 0.000000 0.000000 0.000000 0.000000 0.000000 
-1.115804 0.003172 2.084789 0.000000 0.000000 0.000000 0.171361 0.000000 0.000000 0.000000 0.000000 0.000000 0.000000 
-1.124196 0.003987 2.082308 0.000000 0.000000 0.000000 0.170546 0.000000 0.000000 0.000000 0.000000 0.000000 0.000000 
-1.132544 0.004887 2.079560 0.000000 0.000000 0.000000 0.169646 0.000000 0.000000 0.000000 0.000000 0.000000 0.000000 
-1.140846 0.005871 2.076550 0.000000 0.000000 0.000000 0.168662 0.000000 0.000000 0.000000 0.000000 0.000000 0.000000 
-1.149102 0.006937 2.073284 0.000000 0.000000 0.000000 0.167596 0.000000 0.000000 0.000000 0.000000 0.000000 0.000000 
-1.157311 0.008082 2.069766 0.000000 0.000000 0.000000 0.166451 0.000000 0.000000 0.000000 0.000000 0.000000 0.000000 
-1.165471 0.009305 2.066002 0.000000 0.000000 0.000000 0.165228 0.000000 0.000000 0.000000 0.000000 0.000000 0.000000 
-1.173581 0.010603 2.061997 0.000000 0.000000 0.000000 0.163930 0.000000 0.000000 0.000000 0.000000 0.000000 0.000000 
-1.181641 0.011974 2.057757 0.000000 0.000000 0.000000 0.162559 0.000000 0.000000 0.000000 0.000000 0.000000 0.000000 
-1.189649 0.013417 2.053286 0.000000 0.000000 0.000000 0.161116 0.000000 0.000000 0.000000 0.000000 0.000000 0.000000 
-1.197604 0.014929 2.048591 0.000000 0.000000 0.000000 0.159604 0.000000 0.000000 0.000000 0.000000 0.000000 0.000000 
-1.205506 0.016508 2.043675 0.000000 0.000000 0.000000 0.158025 0.000000 0.000000 0.000000 0.000000 0.000000 0.000000 
-1.213353 0.018151 2.038545 0.000000 0.000000 0.000000 0.156381 0.000000 0.000000 0.000000 0.000000 0.000000 0.000000 
-1.221144 0.019858 2.033205 0.000000 0.000000 0.000000 0.154675 0.000000 0.000000 0.000000 0.000000 0.000000 0.000000 
-1.228878 0.021625 2.027661 0.000000 0.000000 0.000000 0.152908 0.000000 0.000000 0.000000 0.000000 0.000000 0.000000 
-1.236554 0.023451 2.021918 0.000000 0.000000 0.000000 0.151082 0.000000 0.000000 0.000000 0.000000 0.000000 0.000000 
-1.244171 0.025334 2.015981 0.000000 0.000000 0.000000 0.149199 0.000000 0.000000 0.000000 0.000000 0.000000 0.000000 
-1.251728 0.027271 2.009856 0.000000 0.000000 0.000000 0.147262 0.000000 0.000000 0.000000 0.000000 0.000000 0.000000 
-1.259224 0.029260 2.003547 0.000000 0.000000 0.000000 0.145273 0.000000 0.000000 0.000000 0.000000 0.000000 0.000000 
-1.266658 0.031300 1.997061 0.000000 0.000000 0.000000 0.143233 0.000000 0.000000 0.000000 0.000000 0.000000 0.000000 
-1.274029 0.033387 1.990401 0.000000 0.000000 0.000000 0.141145 0.000000 0.000000 0.000000 0.000000 0.000000 0.000000 
-1.281335 0.035521 1.983575 0.000000 0.000000 0.000000 0.139012 0.000000 0.000000 0.000000 0.000000 0.000000 0.000000 
-1.288577 0.037699 1.976585 0.000000 0.000000 0.000000 0.136834 0.000000 0.000000 0.000000 0.000000 0.000000 0.000000 
-1.295751 0.039919 1.969439 0.000000 0.000000 0.000000 0.134614 0.000000 0.000000 0.000000 0.000000 0.000000 0.000000 
-1.302859 0.042178 1.962141 0.000000 0.000000 0.000000 0.132355 0.000000 0.000000 0.000000 0.000000 0.000000 0.000000 
-1.309898 0.044476 1.954696 0.000000 0.000000 0.000000 0.130057 0.000000 0.000000 0.000000 0.000000 0.000000 0.000000 
-1.316868 0.046808 1.947110 0.000000 0.000000 0.000000 0.127725 0.000000 0.000000 0.000000 0.000000 0.000000 0.000000 
-1.323767 0.049175 1.939388 0.000000 0.000000 0.000000 0.125358 0.000000 0.000000 0.000000 0.000000 0.000000 0.000000 
-1.330594 0.051572 1.931535 0.000000 0.000000 0.000000 0.122961 0.000000 0.000000 0.000000 0.000000 0.000000 0.000000 
-1.337349 0.053999 1.923556 0.000000 0.000000 0.000000 0.120533 0.000000 0.000000 0.000000 0.000000 0.000000 0.000000 
-1.344031 0.056454 1.915457 0.000000 0.000000 0.000000 0.118079 0.000000 0.000000 0.000000 0.000000 0.000000 0.000000 
-1.350637 0.058933 1.907243 0.000000 0.000000 0.000000 0.115600 0.000000 0.000000 0.000000 0.000000 0.000000 0.000000 
-1.357168 0.061436 1.898918 0.000000 0.000000 0.000000 0.113097 0.000000 0.000000 0.000000 0.000000 0.000000 0.000000 
-1.363622 0.063959 1.890489 0.000000 0.000000 0.000000 0.110574 0.000000 0.000000 0.000000 0.000000 0.000000 0.000000 
-1.369998 0.066501 1.881961 0.000000 0.000000 0.000000 0.108032 0.000000 0.000000 0.000000 0.000000 0.000000 0.000000 
-1.376296 0.069060 1.873338 0.000000 0.000000 0.000000 0.105473 0.000000 0.000000 0.000000 0.000000 0.000000 0.000000 
-1.382513 0.071634 1.864626 0.000000 0.000000 0.000000 0.102899 0.000000 0.000000 0.000000 0.000000 0.000000 0.000000 
-1.388649 0.074220 1.855830 0.000000 0.000000 0.000000 0.100313 0.000000 0.000000 0.000000 0.000000 0.000000 0.000000 
-1.394704 0.076817 1.846956 0.000000 0.000000 0.000000 0.097716 0.000000 0.000000 0.000000 0.000000 0.000000 0.000000 
-1.400675 0.079422 1.838009 0.000000 0.000000 0.000000 0.095111 0.000000 0.000000 0.000000 0.000000 0.000000 0.000000 
-1.406562 0.082033 1.828993 0.000000 0.000000 0.000000 0.092500 0.000000 0.000000 0.000000 0.000000 0.000000 0.000000 
-1.412364 0.084649 1.819915 0.000000 0.000000 0.000000 0.089884 0.000000 0.000000 0.000000 0.000000 0.000000 0.000000 
-1.418080 0.087266 1.810779 0.000000 0.000000 0.000000 0.087266 0.000000 0.000000 0.000000 0.000000 0.000000 0.000000 
-1.423709 0.089884 1.801591 0.000000 0.000000 0.000000 0.084649 0.000000 0.000000 0.000000 0.000000 0.000000 0.000000 
-1.429249 0.092500 1.792355 0.000000 0.000000 0.000000 0.082033 0.000000 0.000000 0.000000 0.000000 0.000000 0.000000 
-1.434700 0.095111 1.783078 0.000000 0.000000 0.000000 0.079422 0.000000 0.000000 0.000000 0.000000 0.000000 0.000000 
-1.440060 0.097716 1.773764 0.000000 0.000000 0.000000 0.076817 0.000000 0.000000 0.000000 0.000000 0.000000 0.000000 
-1.445329 0.100313 1.764419 0.000000 0.000000 0.000000 0.074220 0.000000 0.000000 0.000000 0.000000 0.000000 0.000000 
-1.450505 0.102899 1.755047 0.000000 0.000000 0.000000 0.071634 0.000000 0.000000 0.000000 0.000000 0.000000 0.000000 
-1.455588 0.105473 1.745655 0.000000 0.000000 0.000000 0.069060 0.000000 0.000000 0.000000 0.000000 0.000000 0.000000 
-1.460577 0.108032 1.736247 0.000000 0.000000 0.000000 0.066501 0.000000 0.000000 0.000000 0.000000 0.000000 0.000000 
-1.465469 0.110574 1.726828 0.000000 0.000000 0.000000 0.063959 0.000000 0.000000 0.000000 0.000000 0.000000 0.000000 
-1.470265 0.113097 1.717404 0.000000 0.000000 0.000000 0.061436 0.000000 0.000000 0.000000 0.000000 0.000000 0.000000 
-1.474964 0.115600 1.707980 0.000000 0.000000 0.000000 0.058933 0.000000 0.000000 0.000000 0.000000 0.000000 0.000000 
-1.479563 0.118079 1.698561 0.000000 0.000000 0.000000 0.056454 0.000000 0.000000 0.000000 0.000000 0.000000 0.000000 
-1.484063 0.120533 1.689153 0.000000 0.000000 0.000000 0.053999 0.000000 0.000000 0.000000 0.000000 0.000000 0.000000 
-1.488461 0.122961 1.679761 0.000000 0.000000 0.000000 0.051572 0.000000 0.000000 0.000000 0.000000 0.000000 0.000000 
-1.492758 0.125358 1.670389 0.000000 0.000000 0.000000 0.049175 0.000000 0.000000 0.000000 0.000000 0.000000 0.000000 
-1.496952 0.127725 1.661044 0.000000 0.000000 0.000000 0.046808 0.000000 0.000000 0.000000 0.000000 0.000000 0.000000 
-1.501042 0.130057 1.651730 0.000000 0.000000 0.000000 0.044476 0.000000 0.000000 0.000000 0.000000 0.000000 0.000000 
-1.505027 0.132355 1.642453 0.000000 0.000000 0.000000 0.042178 0.000000 0.000000 0.000000 0.000000 0.000000 0.000000 
-1.508905 0.134614 1.633217 0.000000 0.000000 0.000000 0.039919 0.000000 0.000000 0.000000 0.000000 0.000000 0.000000 
-1.512677 0.136834 1.624029 0.000000 0.000000 0.000000 0.037699 0.000000 0.000000 0.000000 0.000000 0.000000 0.000000 
-1.516340 0.139012 1.614893 0.000000 0.000000 0.000000 0.035521 0.000000 0.000000 0.000000 0.000000 0.000000 0.000000 
-1.519894 0.141145 1.605815 0.000000 0.000000 0.000000 0.033387 0.000000 0.000000 0.000000 0.000000 0.000000 0.000000 
-1.523338 0.143233 1.596799 0.000000 0.000000 0.000000 0.031300 0.000000 0.000000 0.000000 0.000000 0.000000 0.000000 
-1.526670 0.145273 1.587852 0.000000 0.000000 0.000000 0.029260 0.000000 0.000000 0.000000 0.000000 0.000000 0.000000 
-1.529890 0.147262 1.578978 0.000000 0.000000 0.000000 0.027271 0.000000 0.000000 0.000000 0.000000 0.000000 0.000000 
-1.532997 0.149199 1.570182 0.000000 0.000000 0.000000 0.025334 0.000000 0.000000 0.000000 0.000000 0.000000 0.000000 
-1.535989 0.151082 1.561470 0.000000 0.000000 0.000000 0.023451 0.000000 0.000000 0.000000 0.000000 0.000000 0.000000 
-1.538865 0.152908 1.552847 0.000000 0.000000 0.000000 0.021625 0.000000 0.000000 0.000000 0.000000 0.000000 0.000000 
-1.541625 0.154675 1.544319 0.000000 0.000000 0.000000 0.019858 0.000000 0.000000 0.000000 0.000000 0.000000 0.000000 
-1.544267 0.156381 1.535890 0.000000 0.000000 0.000000 0.018151 0.000000 0.000000 0.000000 0.000000 0.000000 0.000000 
-1.546791 0.158025 1.527565 0.000000 0.000000 0.000000 0.016508 0.000000 0.000000 0.000000 0.000000 0.000000 0.000000 
-1.549195 0.159604 1.519351 0.000000 0.000000 0.000000 0.014929 0.000000 0.000000 0.000000 0.000000 0.000000 0.000000 
-1.551478 0.161116 1.511252 0.000000 0.000000 0.000000 0.013417 0.000000 0.000000 0.000000 0.000000 0.000000 0.000000 
-1.553639 0.162559 1.503273 0.000000 0.000000 0.000000 0.011974 0.000000 0.000000 0.000000 0.000000 0.000000 0.000000 
-1.555677 0.163930 1.495420 0.000000 0.000000 0.000000 0.010603 0.000000 0.000000 0.000000 0.000000 0.000000 0.000000 
-1.557592 0.165228 1.487698 0.000000 0.000000 0.000000 0.009305 0.000000 0.000000 0.000000 0.000000 0.000000 0.000000 
-1.559381 0.166451 1.480112 0.000000 0.000000 0.000000 0.008082 0.000000 0.000000 0.000000 0.000000 0.000000 0.000000 
-1.561045 0.167596 1.472667 0.000000 0.000000 0.000000 0.006937 0.000000 0.000000 0.000000 0.000000 0.000000 0.000000 
-1.562581 0.168662 1.465369 0.000000 0.000000 0.000000 0.005871 0.000000 0.000000 0.000000 0.000000 0.000000 0.000000 
-1.563990 0.169646 1.458223 0.000000 0.000000 0.000000 0.004887 0.000000 0.000000 0.000000 0.000000 0.000000 0.000000 
-1.565269 0.170546 1.451233 0.000000 0.000000 0.000000 0.003987 0.000000 0.000000 0.000000 0.000000 0.000000 0.000000 
-1.566418 0.171361 1.444407 0.000000 0.000000 0.000000 0.003172 0.000000 0.000000 0.000000 0.000000 0.000000 0.000000 
-1.567435 0.172087 1.437747 0.000000 0.000000 0.000000 0.002446 0.000000 0.000000 0.000000 0.000000 0.000000 0.000000 
-1.568321 0.172723 1.431261 0.000000 0.000000 0.000000 0.001810 0.000000 0.000000 0.000000 0.000000 0.000000 0.000000 
-1.569073 0.173268 1.424952 0.000000 0.000000 0.000000 0.001265 0.000000 0.000000 0.000000 0.000000 0.000000 0.000000 
-1.569690 0.173718 1.418827 0.000000 0.000000 0.000000 0.000815 0.000000 0.000000 0.000000 0.000000 0.000000 0.000000 
-1.570173 0.174071 1.412890 0.000000 0.000000 0.000000 0.000462 0.000000 0.000000 0.000000 0.000000 0.000000 0.000000 
-1.570518 0.174326 1.407147 0.000000 0.000000 0.000000 0.000207 0.000000 0.000000 0.000000 0.000000 0.000000 0.000000 
-1.570727 0.174481 1.401603 0.000000 0.000000 0.000000 0.000052 0.000000 0.000000 0.000000 0.000000 0.000000 0.000000 
-1.570796 0.174533 1.396263 0.000000 0.000000 0.000000 -0.000000 0.000000 0.000000 0.000000 0.000000 0.000000 0.000000 
-1.570744 0.174527 1.391016 0.000000 0.000000 0.000000 -0.000000 0.000000 0.000000 0.000000 0.000000 0.000000 0.000000 
-1.570588 0.174510 1.385745 0.000000 0.000000 0.000000 -0.000000 0.000000 0.000000 0.000000 0.000000 0.000000 0.000000 
-1.570328 0.174481 1.380452 0.000000 0.000000 0.000000 -0.000000 0.000000 0.000000 0.000000 0.000000 0.000000 0.000000 
-1.569966 0.174441 1.375136 0.000000 0.000000 0.000000 -0.000000 0.000000 0.000000 0.000000 0.000000 0.000000 0.000000 
-1.569502 0.174389 1.369798 0.000000 0.000000 0.000000 -0.000000 0.000000 0.000000 0.000000 0.000000 0.000000 0.000000 
-1.568936 0.174326 1.364438 0.000000 0.000000 0.000000 -0.000000 0.000000 0.000000 0.000000 0.000000 0.000000 0.000000 
-1.568271 0.174252 1.359057 0.000000 0.000000 0.000000 -0.000000 0.000000 0.000000 0.000000 0.000000 0.000000 0.000000 
-1.567505 0.174167 1.353654 0.000000 0.000000 0.000000 -0.000000 0.000000 0.000000 0.000000 0.000000 0.000000 0.000000 
-1.566640 0.174071 1.348230 0.000000 0.000000 0.000000 -0.000000 0.000000 0.000000 0.000000 0.000000 0.000000 0.000000 
-1.565677 0.173964 1.342785 0.000000 0.000000 0.000000 -0.000000 0.000000 0.000000 0.000000 0.000000 0.000000 0.000000 
-1.564616 0.173846 1.337320 0.000000 0.000000 0.000000 -0.000000 0.000000 0.000000 0.000000 0.000000 0.000000 0.000000 
-1.563458 0.173718 1.331834 0.000000 0.000000 0.000000 -0.000000 0.000000 0.000000 0.000000 0.000000 0.000000 0.000000 
-1.562203 0.173578 1.326329 0.000000 0.000000 0.000000 -0.000000 0.000000 0.000000 0.000000 0.000000 0.000000 0.000000 
-1.560853 0.173428 1.320803 0.000000 0.000000 0.000000 -0.000000 0.000000 0.000000 0.000000 0.000000 0.000000 0.000000 
-1.559408 0.173268 1.315258 0.000000 0.000000 0.000000 -0.000000 0.000000 0.000000 0.000000 0.000000 0.000000 0.000000 
-1.557869 0.173097 1.309694 0.000000 0.000000 0.000000 -0.000000 0.000000 0.000000 0.000000 0.000000 0.000000 0.000000 
-1.556236 0.172915 1.304111 0.000000 0.000000 0.000000 -0.000000 0.000000 0.000000 0.000000 0.000000 0.000000 0.000000 
-1.554510 0.172723 1.298510 0.000000 0.000000 0.000000 -0.000000 0.000000 0.000000 0.000000 0.000000 0.000000 0.000000 
-1.552692 0.172521 1.292890 0.000000 0.000000 0.000000 -0.000000 0.000000 0.000000 0.000000 0.000000 0.000000 0.000000 
-1.550783 0.172309 1.287251 0.000000 0.000000 0.000000 -0.000000 0.000000 0.000000 0.000000 0.000000 0.000000 0.000000 
-1.548783 0.172087 1.281595 0.000000 0.000000 0.000000 -0.000000 0.000000 0.000000 0.000000 0.000000 0.000000 0.000000 
-1.546693 0.171855 1.275922 0.000000 0.000000 0.000000 -0.000000 0.000000 0.000000 0.000000 0.000000 0.000000 0.000000 
-1.544514 0.171613 1.270231 0.000000 0.000000 0.000000 -0.000000 0.000000 0.000000 0.000000 0.000000 0.000000 0.000000 
-1.542246 0.171361 1.264523 0.000000 0.000000 0.000000 -0.000000 0.000000 0.000000 0.000000 0.000000 0.000000 0.000000 
-1.539889 0.171099 1.258799 0.000000 0.000000 0.000000 -0.000000 0.000000 0.000000 0.000000 0.000000 0.000000 0.000000 
-1.537446 0.170827 1.253057 0.000000 0.000000 0.000000 -0.000000 0.000000 0.000000 0.000000 0.000000 0.000000 0.000000 
-1.534916 0.170546 1.247300 0.000000 0.000000 0.000000 -0.000000 0.000000 0.000000 0.000000 0.000000 0.000000 0.000000 
-1.532300 0.170256 1.241527 0.000000 0.000000 0.000000 -0.000000 0.000000 0.000000 0.000000 0.000000 0.000000 0.000000 
-1.529599 0.169955 1.235738 0.000000 0.000000 0.000000 -0.000000 0.000000 0.000000 0.000000 0.000000 0.000000 0.000000 
-1.526814 0.169646 1.229934 0.000000 0.000000 0.000000 -0.000000 0.000000 0.000000 0.000000 0.000000 0.000000 0.000000 
-1.523945 0.169327 1.224114 0.000000 0.000000 0.000000 -0.000000 0.000000 0.000000 0.000000 0.000000 0.000000 0.000000 
-1.520993 0.168999 1.218280 0.000000 0.000000 0.000000 -0.000000 0.000000 0.000000 0.000000 0.000000 0.000000 0.000000 
-1.517958 0.168662 1.212431 0.000000 0.000000 0.000000 -0.000000 0.000000 0.000000 0.000000 0.000000 0.000000 0.000000 
-1.514842 0.168316 1.206568 0.000000 0.000000 0.000000 -0.000000 0.000000 0.000000 0.000000 0.000000 0.000000 0.000000 
-1.511644 0.167960 1.200690 0.000000 0.000000 0.000000 -0.000000 0.000000 0.000000 0.000000 0.000000 0.000000 0.000000 
-1.508367 0.167596 1.194799 0.000000 0.000000 0.000000 -0.000000 0.000000 0.000000 0.000000 0.000000 0.000000 0.000000 
-1.505009 0.167223 1.188895 0.000000 0.000000 0.000000 -0.000000 0.000000 0.000000 0.000000 0.000000 0.000000 0.000000 
-1.501573 0.166841 1.182977 0.000000 0.000000 0.000000 -0.000000 0.000000 0.000000 0.000000 0.000000 0.000000 0.000000 
-1.498059 0.166451 1.177046 0.000000 0.000000 0.000000 -0.000000 0.000000 0.000000 0.000000 0.000000 0.000000 0.000000 
-1.494467 0.166052 1.171103 0.000000 0.000000 0.000000 -0.000000 0.000000 0.000000 0.000000 0.000000 0.000000 0.000000 
-1.490799 0.165644 1.165147 0.000000 0.000000 0.000000 -0.000000 0.000000 0.000000 0.000000 0.000000 0.000000 0.000000 
-1.487054 0.165228 1.159179 0.000000 0.000000 0.000000 -0.000000 0.000000 0.000000 0.000000 0.000000 0.000000 0.000000 
-1.483234 0.164804 1.153199 0.000000 0.000000 0.000000 -0.000000 0.000000 0.000000 0.000000 0.000000 0.000000 0.000000 
-1.479339 0.164371 1.147208 0.000000 0.000000 0.000000 -0.000000 0.000000 0.000000 0.000000 0.000000 0.000000 0.000000 
-1.475370 0.163930 1.141205 0.000000 0.000000 0.000000 -0.000000 0.000000 0.000000 0.000000 0.000000 0.000000 0.000000 
-1.471328 0.163481 1.135192 0.000000 0.000000 0.000000 -0.000000 0.000000 0.000000 0.000000 0.000000 0.000000 0.000000 
-1.467214 0.163024 1.129167 0.000000 0.000000 0.000000 -0.000000 0.000000 0.000000 0.000000 0.000000 0.000000 0.000000 
-1.463027 0.162559 1.123132 0.000000 0.000000 0.000000 -0.000000 0.000000 0.000000 0.000000 0.000000 0.000000 0.000000 
-1.458769 0.162085 1.117087 0.000000 0.000000 0.000000 -0.000000 0.000000 0.000000 0.000000 0.000000 0.000000 0.000000 
-1.454441 0.161605 1.111031 0.000000 0.000000 0.000000 -0.000000 0.000000 0.000000 0.000000 0.000000 0.000000 0.000000 
-1.450043 0.161116 1.104966 0.000000 0.000000 0.000000 -0.000000 0.000000 0.000000 0.000000 0.000000 0.000000 0.000000 
-1.445576 0.160620 1.098892 0.000000 0.000000 0.000000 -0.000000 0.000000 0.000000 0.000000 0.000000 0.000000 0.000000 
-1.441040 0.160116 1.092808 0.000000 0.000000 0.000000 -0.000000 0.000000 0.000000 0.000000 0.000000 0.000000 0.000000 
-1.436437 0.159604 1.086716 0.000000 0.000000 0.000000 -0.000000 0.000000 0.000000 0.000000 0.000000 0.000000 0.000000 
-1.431766 0.159085 1.080615 0.000000 0.000000 0.000000 -0.000000 0.000000 0.000000 0.000000 0.000000 0.000000 0.000000 
-1.427030 0.158559 1.074506 0.000000 0.000000 0.000000 -0.000000 0.000000 0.000000 0.000000 0.000000 0.000000 0.000000 
-1.422227 0.158025 1.068388 0.000000 0.000000 0.000000 -0.000000 0.000000 0.000000 0.000000 0.000000 0.000000 0.000000 
-1.417360 0.157484 1.062263 0.000000 0.000000 0.000000 -0.000000 0.000000 0.000000 0.000000 0.000000 0.000000 0.000000 
-1.412429 0.156937 1.056130 0.000000 0.000000 0.000000 -0.000000 0.000000 0.000000 0.000000 0.000000 0.000000 0.000000 
-1.407433 0.156381 1.049990 0.000000 0.000000 0.000000 -0.000000 0.000000 0.000000 0.000000 0.000000 0.000000 0.000000 
-1.402376 0.155820 1.043843 0.000000 0.000000 0.000000 -0.000000 0.000000 0.000000 0.000000 0.000000 0.000000 0.000000 
-1.397256 0.155251 1.037689 0.000000 0.000000 0.000000 -0.000000 0.000000 0.000000 0.000000 0.000000 0.000000 0.000000 
-1.392074 0.154675 1.031529 0.000000 0.000000 0.000000 -0.000000 0.000000 0.000000 0.000000 0.000000 0.000000 0.000000 
-1.386832 0.154092 1.025363 0.000000 0.000000 0.000000 -0.000000 0.000000 0.000000 0.000000 0.000000 0.000000 0.000000 
-1.381530 0.153503 1.019191 0.000000 0.000000 0.000000 -0.000000 0.000000 0.000000 0.000000 0.000000 0.000000 0.000000 
-1.376168 0.152908 1.013013 0.000000 0.000000 0.000000 -0.000000 0.000000 0.000000 0.000000 0.000000 0.000000 0.000000 
-1.370748 0.152305 1.006830 0.000000 0.000000 0.000000 -0.000000 0.000000 0.000000 0.000000 0.000000 0.000000 0.000000 
-1.365270 0.151697 1.000641 0.000000 0.000000 0.000000 -0.000000 0.000000 0.000000 0.000000 0.000000 0.000000 0.000000 
-1.359735 0.151082 0.994448 0.000000 0.000000 0.000000 -0.000000 0.000000 0.000000 0.000000 0.000000 0.000000 0.000000 
-1.354143 0.150460 0.988251 0.000000 0.000000 0.000000 -0.000000 0.000000 0.000000 0.000000 0.000000 0.000000 0.000000 
-1.348495 0.149833 0.982049 0.000000 0.000000 0.000000 -0.000000 0.000000 0.000000 0.000000 0.000000 0.000000 0.000000 
-1.342792 0.149199 0.975843 0.000000 0.000000 0.000000 -0.000000 0.000000 0.000000 0.000000 0.000000 0.000000 0.000000 
-1.337035 0.148559 0.969633 0.000000 0.000000 0.000000 -0.000000 0.000000 0.000000 0.000000 0.000000 0.000000 0.000000 
-1.331224 0.147914 0.963420 0.000000 0.000000 0.000000 -0.000000 0.000000 0.000000 0.000000 0.000000 0.000000 0.000000 
-1.325359 0.147262 0.957204 0.000000 0.000000 0.000000 -0.000000 0.000000 0.000000 0.000000 0.000000 0.000000 0.000000 
-1.319443 0.146605 0.950985 0.000000 0.000000 0.000000 -0.000000 0.000000 0.000000 0.000000 0.000000 0.000000 0.000000 
-1.313475 0.145942 0.944763 0.000000 0.000000 0.000000 -0.000000 0.000000 0.000000 0.000000 0.000000 0.000000 0.000000 
-1.307455 0.145273 0.938539 0.000000 0.000000 0.000000 -0.000000 0.000000 0.000000 0.000000 0.000000 0.000000 0.000000 
-1.301386 0.144598 0.932313 0.000000 0.000000 0.000000 -0.000000 0.000000 0.000000 0.000000 0.000000 0.000000 0.000000 
-1.295267 0.143919 0.926085 0.000000 0.000000 0.000000 -0.000000 0.000000 0.000000 0.000000 0.000000 0.000000 0.000000 
-1.289099 0.143233 0.919855 0.000000 0.000000 0.000000 -0.000000 0.000000 0.000000 0.000000 0.000000 0.000000 0.000000 
-1.282883 0.142543 0.913624 0.000000 0.000000 0.000000 -0.000000 0.000000 0.000000 0.000000 0.000000 0.000000 0.000000 
-1.276620 0.141847 0.907392 0.000000 0.000000 0.000000 -0.000000 0.000000 0.000000 0.000000 0.000000 0.000000 0.000000 
-1.270309 0.141145 0.901160 0.000000 0.000000 0.000000 -0.000000 0.000000 0.000000 0.000000 0.000000 0.000000 0.000000 
-1.263953 0.140439 0.894926 0.000000 0.000000 0.000000 -0.000000 0.000000 0.000000 0.000000 0.000000 0.000000 0.000000 
-1.257551 0.139728 0.888693 0.000000 0.000000 0.000000 -0.000000 0.000000 0.000000 0.000000 0.000000 0.000000 0.000000 
-1.251105 0.139012 0.882460 0.000000 0.000000 0.000000 -0.000000 0.000000 0.000000 0.000000 0.000000 0.000000 0.000000 
-1.244614 0.138290 0.876227 0.000000 0.000000 0.000000 -0.000000 0.000000 0.000000 0.000000 0.000000 0.000000 0.000000 
-1.238081 0.137565 0.869995 0.000000 0.000000 0.000000 -0.000000 0.000000 0.000000 0.000000 0.000000 0.000000 0.000000 
-1.231504 0.136834 0.863763 0.000000 0.000000 0.000000 -0.000000 0.000000 0.000000 0.000000 0.000000 0.000000 0.000000 
-1.224886 0.136098 0.857533 0.000000 0.000000 0.000000 -0.000000 0.000000 0.000000 0.000000 0.000000 0.000000 0.000000 
-1.218227 0.135359 0.851304 0.000000 0.000000 0.000000 -0.000000 0.000000 0.000000 0.000000 0.000000 0.000000 0.000000 
-1.211527 0.134614 0.845077 0.000000 0.000000 0.000000 -0.000000 0.000000 0.000000 0.000000 0.000000 0.000000 0.000000 
-1.204787 0.133865 0.838852 0.000000 0.000000 0.000000 -0.000000 0.000000 0.000000 0.000000 0.000000 0.000000 0.000000 
-1.198009 0.133112 0.832630 0.000000 0.000000 0.000000 -0.000000 0.000000 0.000000 0.000000 0.000000 0.000000 0.000000 
-1.191191 0.132355 0.826409 0.000000 0.000000 0.000000 -0.000000 0.000000 0.000000 0.000000 0.000000 0.000000 0.000000 
-1.184337 0.131593 0.820192 0.000000 0.000000 0.000000 -0.000000 0.000000 0.000000 0.000000 0.000000 0.000000 0.000000 
-1.177445 0.130827 0.813977 0.000000 0.000000 0.000000 -0.000000 0.000000 0.000000 0.000000 0.000000 0.000000 0.000000 
-1.170517 0.130057 0.807766 0.000000 0.000000 0.000000 -0.000000 0.000000 0.000000 0.000000 0.000000 0.000000 0.000000 
-1.163553 0.129284 0.801559 0.000000 0.000000 0.000000 -0.000000 0.000000 0.000000 0.000000 0.000000 0.000000 0.000000 
-1.156554 0.128506 0.795355 0.000000 0.000000 0.000000 -0.000000 0.000000 0.000000 0.000000 0.000000 0.000000 0.000000 
-1.149521 0.127725 0.789155 0.000000 0.000000 0.000000 -0.000000 0.000000 0.000000 0.000000 0.000000 0.000000 0.000000 
-1.142455 0.126939 0.782960 0.000000 0.000000 0.000000 -0.000000 0.000000 0.000000 0.000000 0.000000 0.000000 0.000000 
-1.135356 0.126151 0.776770 0.000000 0.000000 0.000000 -0.000000 0.000000 0.000000 0.000000 0.000000 0.000000 0.000000 
-1.128224 0.125358 0.770585 0.000000 0.000000 0.000000 -0.000000 0.000000 0.000000 0.000000 0.000000 0.000000 0.000000 
-1.121062 0.124562 0.764405 0.000000 0.000000 0.000000 -0.000000 0.000000 0.000000 0.000000 0.000000 0.000000 0.000000 
-1.113868 0.123763 0.758230 0.000000 0.000000 0.000000 -0.000000 0.000000 0.000000 0.000000 0.000000 0.000000 0.000000 
-1.106645 0.122961 0.752061 0.000000 0.000000 0.000000 -0.000000 0.000000 0.000000 0.000000 0.000000 0.000000 0.000000 
-1.099392 0.122155 0.745898 0.000000 0.000000 0.000000 -0.000000 0.000000 0.000000 0.000000 0.000000 0.000000 0.000000 
-1.092111 0.121346 0.739742 0.000000 0.000000 0.000000 -0.000000 0.000000 0.000000 0.000000 0.000000 0.000000 0.000000 
-1.084801 0.120533 0.733592 0.000000 0.000000 0.000000 -0.000000 0.000000 0.000000 0.000000 0.000000 0.000000 0.000000 
-1.077465 0.119718 0.727449 0.000000 0.000000 0.000000 -0.000000 0.000000 0.000000 0.000000 0.000000 0.000000 0.000000 
-1.070102 0.118900 0.721313 0.000000 0.000000 0.000000 -0.000000 0.000000 0.000000 0.000000 0.000000 0.000000 0.000000 
-1.062713 0.118079 0.715184 0.000000 0.000000 0.000000 -0.000000 0.000000 0.000000 0.000000 0.000000 0.000000 0.000000 
-1.055299 0.117255 0.709063 0.000000 0.000000 0.000000 -0.000000 0.000000 0.000000 0.000000 0.000000 0.000000 0.000000 
-1.047860 0.116429 0.702951 0.000000 0.000000 0.000000 -0.000000 0.000000 0.000000 0.000000 0.000000 0.000000 0.000000 
-1.040398 0.115600 0.696846 0.000000 0.000000 0.000000 -0.000000 0.000000 0.000000 0.000000 0.000000 0.000000 0.000000 
-1.032913 0.114768 0.690750 0.000000 0.000000 0.000000 -0.000000 0.000000 0.000000 0.000000 0.000000 0.000000 0.000000 
-1.025405 0.113934 0.684662 0.000000 0.000000 0.000000 -0.000000 0.000000 0.000000 0.000000 0.000000 0.000000 0.000000 
-1.017876 0.113097 0.678584 0.000000 0.000000 0.000000 -0.000000 0.000000 0.000000 0.000000 0.000000 0.000000 0.000000 
-1.010326 0.112258 0.672515 0.000000 0.000000 0.000000 -0.000000 0.000000 0.000000 0.000000 0.000000 0.000000 0.000000 
-1.002755 0.111417 0.666455 0.000000 0.000000 0.000000 -0.000000 0.000000 0.000000 0.000000 0.000000 0.000000 0.000000 
-0.995165 0.110574 0.660406 0.000000 0.000000 0.000000 -0.000000 0.000000 0.000000 0.000000 0.000000 0.000000 0.000000 
-0.987557 0.109729 0.654366 0.000000 0.000000 0.000000 -0.000000 0.000000 0.000000 0.000000 0.000000 0.000000 0.000000 
-0.979930 0.108881 0.648337 0.000000 0.000000 0.000000 -0.000000 0.000000 0.000000 0.000000 0.000000 0.000000 0.000000 
-0.972285 0.108032 0.642319 0.000000 0.000000 0.000000 -0.000000 0.000000 0.000000 0.000000 0.000000 0.000000 0.000000 
-0.964624 0.107180 0.636311 0.000000 0.000000 0.000000 -0.000000 0.000000 0.000000 0.000000 0.000000 0.000000 0.000000 
-0.956947 0.106327 0.630315 0.000000 0.000000 0.000000 -0.000000 0.000000 0.000000 0.000000 0.000000 0.000000 0.000000 
-0.949254 0.105473 0.624330 0.000000 0.000000 0.000000 -0.000000 0.000000 0.000000 0.000000 0.000000 0.000000 0.000000 
-0.941547 0.104616 0.618357 0.000000 0.000000 0.000000 -0.000000 0.000000 0.000000 0.000000 0.000000 0.000000 0.000000 
-0.933826 0.103758 0.612396 0.000000 0.000000 0.000000 -0.000000 0.000000 0.000000 0.000000 0.000000 0.000000 0.000000 
-0.926091 0.102899 0.606447 0.000000 0.000000 0.000000 -0.000000 0.000000 0.000000 0.000000 0.000000 0.000000 0.000000 
-0.918344 0.102038 0.600511 0.000000 0.000000 0.000000 -0.000000 0.000000 0.000000 0.000000 0.000000 0.000000 0.000000 
-0.910585 0.101176 0.594588 0.000000 0.000000 0.000000 -0.000000 0.000000 0.000000 0.000000 0.000000 0.000000 0.000000 
-0.902815 0.100313 0.588678 0.000000 0.000000 0.000000 -0.000000 0.000000 0.000000 0.000000 0.000000 0.000000 0.000000 
-0.895035 0.099448 0.582781 0.000000 0.000000 0.000000 -0.000000 0.000000 0.000000 0.000000 0.000000 0.000000 0.000000 
-0.887244 0.098583 0.576898 0.000000 0.000000 0.000000 -0.000000 0.000000 0.000000 0.000000 0.000000 0.000000 0.000000 
-0.879445 0.097716 0.571028 0.000000 0.000000 0.000000 -0.000000 0.000000 0.000000 0.000000 0.000000 0.000000 0.000000 
-0.871637 0.096849 0.565173 0.000000 0.000000 0.000000 -0.000000 0.000000 0.000000 0.000000 0.000000 0.000000 0.000000 
-0.863822 0.095980 0.559333 0.000000 0.000000 0.000000 -0.000000 0.000000 0.000000 0.000000 0.000000 0.000000 0.000000 
-0.855999 0.095111 0.553507 0.000000 0.000000 0.000000 -0.000000 0.000000 0.000000 0.000000 0.000000 0.000000 0.000000 
-0.848170 0.094241 0.547696 0.000000 0.000000 0.000000 -0.000000 0.000000 0.000000 0.000000 0.000000 0.000000 0.000000 
-0.840336 0.093371 0.541900 0.000000 0.000000 0.000000 -0.000000 0.000000 0.000000 0.000000 0.000000 0.000000 0.000000 
-0.832497 0.092500 0.536120 0.000000 0.000000 0.000000 -0.000000 0.000000 0.000000 0.000000 0.000000 0.000000 0.000000 
-0.824654 0.091628 0.530356 0.000000 0.000000 0.000000 -0.000000 0.000000 0.000000 0.000000 0.000000 0.000000 0.000000 
-0.816807 0.090756 0.524608 0.000000 0.000000 0.000000 -0.000000 0.000000 0.000000 0.000000 0.000000 0.000000 0.000000 
-0.808957 0.089884 0.518876 0.000000 0.000000 0.000000 -0.000000 0.000000 0.000000 0.000000 0.000000 0.000000 0.000000 
-0.801105 0.089012 0.513161 0.000000 0.000000 0.000000 -0.000000 0.000000 0.000000 0.000000 0.000000 0.000000 0.000000 
-0.793252 0.088139 0.507463 0.000000 0.000000 0.000000 -0.000000 0.000000 0.000000 0.000000 0.000000 0.000000 0.000000 
-0.785398 0.087266 0.501782 0.000000 0.000000 0.000000 -0.000000 0.000000 0.000000 0.000000 0.000000 0.000000 0.000000 
-0.777544 0.086394 0.496119 0.000000 0.000000 0.000000 -0.000000 0.000000 0.000000 0.000000 0.000000 0.000000 0.000000 
-0.769691 0.085521 0.490473 0.000000 0.000000 0.000000 -0.000000 0.000000 0.000000 0.000000 0.000000 0.000000 0.000000 
-0.761839 0.084649 0.484845 0.000000 0.000000 0.000000 -0.000000 0.000000 0.000000 0.000000 0.000000 0.000000 0.000000 
-0.753990 0.083777 0.479235 0.000000 0.000000 0.000000 -0.000000 0.000000 0.000000 0.000000 0.000000 0.000000 0.000000 
-0.746143 0.082905 0.473644 0.000000 0.000000 0.000000 -0.000000 0.000000 0.000000 0.000000 0.000000 0.000000 0.000000 
-0.738299 0.082033 0.468072 0.000000 0.000000 0.000000 -0.000000 0.000000 0.000000 0.000000 0.000000 0.000000 0.000000 
-0.730460 0.081162 0.462519 0.000000 0.000000 0.000000 -0.000000 0.000000 0.000000 0.000000 0.000000 0.000000 0.000000 
-0.722626 0.080292 0.456985 0.000000 0.000000 0.000000 -0.000000 0.000000 0.000000 0.000000 0.000000 0.000000 0.000000 
-0.714797 0.079422 0.451471 0.000000 0.000000 0.000000 -0.000000 0.000000 0.000000 0.000000 0.000000 0.000000 0.000000 
-0.706975 0.078553 0.445977 0.000000 0.000000 0.000000 -0.000000 0.000000 0.000000 0.000000 0.000000 0.000000 0.000000 
-0.699159 0.077684 0.440503 0.000000 0.000000 0.000000 -0.000000 0.000000 0.000000 0.000000 0.000000 0.000000 0.000000 
-0.691351 0.076817 0.435049 0.000000 0.000000 0.000000 -0.000000 0.000000 0.000000 0.000000 0.000000 0.000000 0.000000 
-0.683552 0.075950 0.429616 0.000000 0.000000 0.000000 -0.000000 0.000000 0.000000 0.000000 0.000000 0.000000 0.000000 
-0.675762 0.075085 0.424204 0.000000 0.000000 0.000000 -0.000000 0.000000 0.000000 0.000000 0.000000 0.000000 0.000000 
-0.667981 0.074220 0.418814 0.000000 0.000000 0.000000 -0.000000 0.000000 0.000000 0.000000 0.000000 0.000000 0.000000 
-0.660211 0.073357 0.413444 0.000000 0.000000 0.000000 -0.000000 0.000000 0.000000 0.000000 0.000000 0.000000 0.000000 
-0.652452 0.072495 0.408097 0.000000 0.000000 0.000000 -0.000000 0.000000 0.000000 0.000000 0.000000 0.000000 0.000000 
-0.644705 0.071634 0.402772 0.000000 0.000000 0.000000 -0.000000 0.000000 0.000000 0.000000 0.000000 0.000000 0.000000 
-0.636971 0.070775 0.397469 0.000000 0.000000 0.000000 -0.000000 0.000000 0.000000 0.000000 0.000000 0.000000 0.000000 
-0.629249 0.069917 0.392188 0.000000 0.000000 0.000000 -0.000000 0.000000 0.000000 0.000000 0.000000 0.000000 0.000000 
-0.621542 0.069060 0.386931 0.000000 0.000000 0.000000 -0.000000 0.000000 0.000000 0.000000 0.000000 0.000000 0.000000 
-0.613850 0.068206 0.381697 0.000000 0.000000 0.000000 -0.000000 0.000000 0.000000 0.000000 0.000000 0.000000 0.000000 
-0.606172 0.067352 0.376486 0.000000 0.000000 0.000000 -0.000000 0.000000 0.000000 0.000000 0.000000 0.000000 0.000000 
-0.598511 0.066501 0.371299 0.000000 0.000000 0.000000 -0.000000 0.000000 0.000000 0.000000 0.000000 0.000000 0.000000 
-0.590867 0.065652 0.366135 0.000000 0.000000 0.000000 -0.000000 0.000000 0.000000 0.000000 0.000000 0.000000 0.000000 
-0.583240 0.064804 0.360996 0.000000 0.000000 0.000000 -0.000000 0.000000 0.000000 0.000000 0.000000 0.000000 0.000000 
-0.575631 0.063959 0.355882 0.000000 0.000000 0.000000 -0.000000 0.000000 0.000000 0.000000 0.000000 0.000000 0.000000 
-0.568041 0.063116 0.350792 0.000000 0.000000 0.000000 -0.000000 0.000000 0.000000 0.000000 0.000000 0.000000 0.000000 
-0.560470 0.062274 0.345728 0.000000 0.000000 0.000000 -0.000000 0.000000 0.000000 0.000000 0.000000 0.000000 0.000000 
-0.552920 0.061436 0.340688 0.000000 0.000000 0.000000 -0.000000 0.000000 0.000000 0.000000 0.000000 0.000000 0.000000 
-0.545391 0.060599 0.335675 0.000000 0.000000 0.000000 -0.000000 0.000000 0.000000 0.000000 0.000000 0.000000 0.000000 
-0.537883 0.059765 0.330687 0.000000 0.000000 0.000000 -0.000000 0.000000 0.000000 0.000000 0.000000 0.000000 0.000000 
-0.530398 0.058933 0.325725 0.000000 0.000000 0.000000 -0.000000 0.000000 0.000000 0.000000 0.000000 0.000000 0.000000 
-0.522936 0.058104 0.320790 0.000000 0.000000 0.000000 -0.000000 0.000000 0.000000 0.000000 0.000000 0.000000 0.000000 
-0.515498 0.057278 0.315881 0.000000 0.000000 0.000000 -0.000000 0.000000 0.000000 0.000000 0.000000 0.000000 0.000000 
-0.508083 0.056454 0.311000 0.000000 0.000000 0.000000 -0.000000 0.000000 0.000000 0.000000 0.000000 0.000000 0.000000 
-0.500695 0.055633 0.306145 0.000000 0.000000 0.000000 -0.000000 0.000000 0.000000 0.000000 0.000000 0.000000 0.000000 
-0.493332 0.054815 0.301318 0.000000 0.000000 0.000000 -0.000000 0.000000 0.000000 0.000000 0.000000 0.000000 0.000000 
-0.485995 0.053999 0.296519 0.000000 0.000000 0.000000 -0.000000 0.000000 0.000000 0.000000 0.000000 0.000000 0.000000 
-0.478686 0.053187 0.291748 0.000000 0.000000 0.000000 -0.000000 0.000000 0.000000 0.000000 0.000000 0.000000 0.000000 
-0.471404 0.052378 0.287005 0.000000 0.000000 0.000000 -0.000000 0.000000 0.000000 0.000000 0.000000 0.000000 0.000000 
-0.464151 0.051572 0.282291 0.000000 0.000000 0.000000 -0.000000 0.000000 0.000000 0.000000 0.000000 0.000000 0.000000 
-0.456928 0.050770 0.277606 0.000000 0.000000 0.000000 -0.000000 0.000000 0.000000 0.000000 0.000000 0.000000 0.000000 
-0.449735 0.049971 0.272949 0.000000 0.000000 0.000000 -0.000000 0.000000 0.000000 0.000000 0.000000 0.000000 0.000000 
-0.442572 0.049175 0.268323 0.000000 0.000000 0.000000 -0.000000 0.000000 0.000000 0.000000 0.000000 0.000000 0.000000 
-0.435441 0.048382 0.263725 0.000000 0.000000 0.000000 -0.000000 0.000000 0.000000 0.000000 0.000000 0.000000 0.000000 
-0.428341 0.047593 0.259158 0.000000 0.000000 0.000000 -0.000000 0.000000 0.000000 0.000000 0.000000 0.000000 0.000000 
-0.421275 0.046808 0.254621 0.000000 0.000000 0.000000 -0.000000 0.000000 0.000000 0.000000 0.000000 0.000000 0.000000 
-0.414242 0.046027 0.250115 0.000000 0.000000 0.000000 -0.000000 0.000000 0.000000 0.000000 0.000000 0.000000 0.000000 
-0.407243 0.045249 0.245639 0.000000 0.000000 0.000000 -0.000000 0.000000 0.000000 0.000000 0.000000 0.000000 0.000000 
-0.400280 0.044476 0.241194 0.000000 0.000000 0.000000 -0.000000 0.000000 0.000000 0.000000 0.000000 0.000000 0.000000 
-0.393352 0.043706 0.236781 0.000000 0.000000 0.000000 -0.000000 0.000000 0.000000 0.000000 0.000000 0.000000 0.000000 
-0.386460 0.042940 0.232399 0.000000 0.000000 0.000000 -0.000000 0.000000 0.000000 0.000000 0.000000 0.000000 0.000000 
-0.379605 0.042178 0.228049 0.000000 0.000000 0.000000 -0.000000 0.000000 0.000000 0.000000 0.000000 0.000000 0.000000 
-0.372788 0.041421 0.223731 0.000000 0.000000 0.000000 -0.000000 0.000000 0.000000 0.000000 0.000000 0.000000 0.000000 
-0.366009 0.040668 0.219445 0.000000 0.000000 0.000000 -0.000000 0.000000 0.000000 0.000000 0.000000 0.000000 0.000000 
-0.359269 0.039919 0.215193 0.000000 0.000000 0.000000 -0.000000 0.000000 0.000000 0.000000 0.000000 0.000000 0.000000 
-0.352570 0.039174 0.210973 0.000000 0.000000 0.000000 -0.000000 0.000000 0.000000 0.000000 0.000000 0.000000 0.000000 
-0.345910 0.038434 0.206786 0.000000 0.000000 0.000000 -0.000000 0.000000 0.000000 0.000000 0.000000 0.000000 0.000000 
-0.339292 0.037699 0.202633 0.000000 0.000000 0.000000 -0.000000 0.000000 0.000000 0.000000 0.000000 0.000000 0.000000 
-0.332716 0.036968 0.198513 0.000000 0.000000 0.000000 -0.000000 0.000000 0.000000 0.000000 0.000000 0.000000 0.000000 
-0.326182 0.036242 0.194428 0.000000 0.000000 0.000000 -0.000000 0.000000 0.000000 0.000000 0.000000 0.000000 0.000000 
-0.319692 0.035521 0.190376 0.000000 0.000000 0.000000 -0.000000 0.000000 0.000000 0.000000 0.000000 0.000000 0.000000 
-0.313245 0.034805 0.186360 0.000000 0.000000 0.000000 -0.000000 0.000000 0.000000 0.000000 0.000000 0.000000 0.000000 
-0.306843 0.034094 0.182378 0.000000 0.000000 0.000000 -0.000000 0.000000 0.000000 0.000000 0.000000 0.000000 0.000000 
-0.300487 0.033387 0.178431 0.000000 0.000000 0.000000 -0.000000 0.000000 0.000000 0.000000 0.000000 0.000000 0.000000 
-0.294177 0.032686 0.174520 0.000000 0.000000 0.000000 -0.000000 0.000000 0.000000 0.000000 0.000000 0.000000 0.000000 
-0.287913 0.031990 0.170644 0.000000 0.000000 0.000000 -0.000000 0.000000 0.000000 0.000000 0.000000 0.000000 0.000000 
-0.281697 0.031300 0.166804 0.000000 0.000000 0.000000 -0.000000 0.000000 0.000000 0.000000 0.000000 0.000000 0.000000 
-0.275529 0.030614 0.163001 0.000000 0.000000 0.000000 -0.000000 0.000000 0.000000 0.000000 0.000000 0.000000 0.000000 
-0.269410 0.029934 0.159234 0.000000 0.000000 0.000000 -0.000000 0.000000 0.000000 0.000000 0.000000 0.000000 0.000000 
-0.263341 0.029260 0.155503 0.000000 0.000000 0.000000 -0.000000 0.000000 0.000000 0.000000 0.000000 0.000000 0.000000 
-0.257322 0.028591 0.151810 0.000000 0.000000 0.000000 -0.000000 0.000000 0.000000 0.000000 0.000000 0.000000 0.000000 
-0.251353 0.027928 0.148154 0.000000 0.000000 0.000000 -0.000000 0.000000 0.000000 0.000000 0.000000 0.000000 0.000000 
-0.245437 0.027271 0.144535 0.000000 0.000000 0.000000 -0.000000 0.000000 0.000000 0.000000 0.000000 0.000000 0.000000 
-0.239573 0.026619 0.140954 0.000000 0.000000 0.000000 -0.000000 0.000000 0.000000 0.000000 0.000000 0.000000 0.000000 
-0.233762 0.025974 0.137412 0.000000 0.000000 0.000000 -0.000000 0.000000 0.000000 0.000000 0.000000 0.000000 0.000000 
-0.228004 0.025334 0.133907 0.000000 0.000000 0.000000 -0.000000 0.000000 0.000000 0.000000 0.000000 0.000000 0.000000 
-0.222301 0.024700 0.130442 0.000000 0.000000 0.000000 -0.000000 0.000000 0.000000 0.000000 0.000000 0.000000 0.000000 
-0.216654 0.024073 0.127015 0.000000 0.000000 0.000000 -0.000000 0.000000 0.000000 0.000000 0.000000 0.000000 0.000000 
-0.211062 0.023451 0.123627 0.000000 0.000000 0.000000 -0.000000 0.000000 0.000000 0.000000 0.000000 0.000000 0.000000 
-0.205526 0.022836 0.120279 0.000000 0.000000 0.000000 -0.000000 0.000000 0.000000 0.000000 0.000000 0.000000 0.000000 
-0.200048 0.022228 0.116970 0.000000 0.000000 0.000000 -0.000000 0.000000 0.000000 0.000000 0.000000 0.000000 0.000000 
-0.194628 0.021625 0.113702 0.000000 0.000000 0.000000 -0.000000 0.000000 0.000000 0.000000 0.000000 0.000000 0.000000 
-0.189266 0.021030 0.110474 0.000000 0.000000 0.000000 -0.000000 0.000000 0.000000 0.000000 0.000000 0.000000 0.000000 
-0.183964 0.020440 0.107286 0.000000 0.000000 0.000000 -0.000000 0.000000 0.000000 0.000000 0.000000 0.000000 0.000000 
-0.178722 0.019858 0.104139 0.000000 0.000000 0.000000 -0.000000 0.000000 0.000000 0.000000 0.000000 0.000000 0.000000 
-0.173541 0.019282 0.101033 0.000000 0.000000 0.000000 -0.000000 0.000000 0.000000 0.000000 0.000000 0.000000 0.000000 
-0.168421 0.018713 0.097969 0.000000 0.000000 0.000000 -0.000000 0.000000 0.000000 0.000000 0.000000 0.000000 0.000000 
-0.163363 0.018151 0.094946 0.000000 0.000000 0.000000 -0.000000 0.000000 0.000000 0.000000 0.000000 0.000000 0.000000 
-0.158368 0.017596 0.091965 0.000000 0.000000 0.000000 -0.000000 0.000000 0.000000 0.000000 0.000000 0.000000 0.000000 
-0.153436 0.017048 0.089026 0.000000 0.000000 0.000000 -0.000000 0.000000 0.000000 0.000000 0.000000 0.000000 0.000000 
-0.148569 0.016508 0.086130 0.000000 0.000000 0.000000 -0.000000 0.000000 0.000000 0.000000 0.000000 0.000000 0.000000 
-0.143767 0.015974 0.083276 0.000000 0.000000 0.000000 -0.000000 0.000000 0.000000 0.000000 0.000000 0.000000 0.000000 
-0.139030 0.015448 0.080465 0.000000 0.000000 0.000000 -0.000000 0.000000 0.000000 0.000000 0.000000 0.000000 0.000000 
-0.134360 0.014929 0.077698 0.000000 0.000000 0.000000 -0.000000 0.000000 0.000000 0.000000 0.000000 0.000000 0.000000 
-0.129756 0.014417 0.074974 0.000000 0.000000 0.000000 -0.000000 0.000000 0.000000 0.000000 0.000000 0.000000 0.000000 
-0.125221 0.013913 0.072294 0.000000 0.000000 0.000000 -0.000000 0.000000 0.000000 0.000000 0.000000 0.000000 0.000000 
-0.120753 0.013417 0.069658 0.000000 0.000000 0.000000 -0.000000 0.000000 0.000000 0.000000 0.000000 0.000000 0.000000 
-0.116355 0.012928 0.067066 0.000000 0.000000 0.000000 -0.000000 0.000000 0.000000 0.000000 0.000000 0.000000 0.000000 
-0.112027 0.012447 0.064519 0.000000 0.000000 0.000000 -0.000000 0.000000 0.000000 0.000000 0.000000 0.000000 0.000000 
-0.107769 0.011974 0.062016 0.000000 0.000000 0.000000 -0.000000 0.000000 0.000000 0.000000 0.000000 0.000000 0.000000 
-0.103583 0.011509 0.059559 0.000000 0.000000 0.000000 -0.000000 0.000000 0.000000 0.000000 0.000000 0.000000 0.000000 
-0.099468 0.011052 0.057148 0.000000 0.000000 0.000000 -0.000000 0.000000 0.000000 0.000000 0.000000 0.000000 0.000000 
-0.095426 0.010603 0.054782 0.000000 0.000000 0.000000 -0.000000 0.000000 0.000000 0.000000 0.000000 0.000000 0.000000 
-0.091457 0.010162 0.052461 0.000000 0.000000 0.000000 -0.000000 0.000000 0.000000 0.000000 0.000000 0.000000 0.000000 
-0.087562 0.009729 0.050188 0.000000 0.000000 0.000000 -0.000000 0.000000 0.000000 0.000000 0.000000 0.000000 0.000000 
-0.083742 0.009305 0.047960 0.000000 0.000000 0.000000 -0.000000 0.000000 0.000000 0.000000 0.000000 0.000000 0.000000 
-0.079998 0.008889 0.045780 0.000000 0.000000 0.000000 -0.000000 0.000000 0.000000 0.000000 0.000000 0.000000 0.000000 
-0.076329 0.008481 0.043646 0.000000 0.000000 0.000000 -0.000000 0.000000 0.000000 0.000000 0.000000 0.000000 0.000000 
-0.072737 0.008082 0.041560 0.000000 0.000000 0.000000 -0.000000 0.000000 0.000000 0.000000 0.000000 0.000000 0.000000 
-0.069223 0.007691 0.039521 0.000000 0.000000 0.000000 -0.000000 0.000000 0.000000 0.000000 0.000000 0.000000 0.000000 
-0.065787 0.007310 0.037531 0.000000 0.000000 0.000000 -0.000000 0.000000 0.000000 0.000000 0.000000 0.000000 0.000000 
-0.062430 0.006937 0.035588 0.000000 0.000000 0.000000 -0.000000 0.000000 0.000000 0.000000 0.000000 0.000000 0.000000 
-0.059152 0.006572 0.033694 0.000000 0.000000 0.000000 -0.000000 0.000000 0.000000 0.000000 0.000000 0.000000 0.000000 
-0.055955 0.006217 0.031848 0.000000 0.000000 0.000000 -0.000000 0.000000 0.000000 0.000000 0.000000 0.000000 0.000000 
-0.052838 0.005871 0.030052 0.000000 0.000000 0.000000 -0.000000 0.000000 0.000000 0.000000 0.000000 0.000000 0.000000 
-0.049804 0.005534 0.028304 0.000000 0.000000 0.000000 -0.000000 0.000000 0.000000 0.000000 0.000000 0.000000 0.000000 
-0.046852 0.005206 0.026606 0.000000 0.000000 0.000000 -0.000000 0.000000 0.000000 0.000000 0.000000 0.000000 0.000000 
-0.043982 0.004887 0.024958 0.000000 0.000000 0.000000 -0.000000 0.000000 0.000000 0.000000 0.000000 0.000000 0.000000 
-0.041197 0.004577 0.023360 0.000000 0.000000 0.000000 -0.000000 0.000000 0.000000 0.000000 0.000000 0.000000 0.000000 
-0.038496 0.004277 0.021812 0.000000 0.000000 0.000000 -0.000000 0.000000 0.000000 0.000000 0.000000 0.000000 0.000000 
-0.035880 0.003987 0.020315 0.000000 0.000000 0.000000 -0.000000 0.000000 0.000000 0.000000 0.000000 0.000000 0.000000 
-0.033350 0.003706 0.018869 0.000000 0.000000 0.000000 -0.000000 0.000000 0.000000 0.000000 0.000000 0.000000 0.000000 
-0.030907 0.003434 0.017473 0.000000 0.000000 0.000000 -0.000000 0.000000 0.000000 0.000000 0.000000 0.000000 0.000000 
-0.028551 0.003172 0.016130 0.000000 0.000000 0.000000 -0.000000 0.000000 0.000000 0.000000 0.000000 0.000000 0.000000 
-0.026283 0.002920 0.014837 0.000000 0.000000 0.000000 -0.000000 0.000000 0.000000 0.000000 0.000000 0.000000 0.000000 
-0.024103 0.002678 0.013597 0.000000 0.000000 0.000000 -0.000000 0.000000 0.000000 0.000000 0.000000 0.000000 0.000000 
-0.022013 0.002446 0.012409 0.000000 0.000000 0.000000 -0.000000 0.000000 0.000000 0.000000 0.000000 0.000000 0.000000 
-0.020013 0.002224 0.011274 0.000000 0.000000 0.000000 -0.000000 0.000000 0.000000 0.000000 0.000000 0.000000 0.000000 
-0.018104 0.002012 0.010191 0.000000 0.000000 0.000000 -0.000000 0.000000 0.000000 0.000000 0.000000 0.000000 0.000000 
-0.016286 0.001810 0.009161 0.000000 0.000000 0.000000 -0.000000 0.000000 0.000000 0.000000 0.000000 0.000000 0.000000 
-0.014560 0.001618 0.008184 0.000000 0.000000 0.000000 -0.000000 0.000000 0.000000 0.000000 0.000000 0.000000 0.000000 
-0.012928 0.001436 0.007261 0.000000 0.000000 0.000000 -0.000000 0.000000 0.000000 0.000000 0.000000 0.000000 0.000000 
-0.011388 0.001265 0.006392 0.000000 0.000000 0.000000 -0.000000 0.000000 0.000000 0.000000 0.000000 0.000000 0.000000 
-0.009943 0.001105 0.005577 0.000000 0.000000 0.000000 -0.000000 0.000000 0.000000 0.000000 0.000000 0.000000 0.000000 
-0.008593 0.000955 0.004817 0.000000 0.000000 0.000000 -0.000000 0.000000 0.000000 0.000000 0.000000 0.000000 0.000000 
-0.007339 0.000815 0.004111 0.000000 0.000000 0.000000 -0.000000 0.000000 0.000000 0.000000 0.000000 0.000000 0.000000 
-0.006181 0.000687 0.003460 0.000000 0.000000 0.000000 -0.000000 0.000000 0.000000 0.000000 0.000000 0.000000 0.000000 
-0.005120 0.000569 0.002864 0.000000 0.000000 0.000000 -0.000000 0.000000 0.000000 0.000000 0.000000 0.000000 0.000000 
-0.004156 0.000462 0.002323 0.000000 0.000000 0.000000 -0.000000 0.000000 0.000000 0.000000 0.000000 0.000000 0.000000 
-0.003291 0.000366 0.001839 0.000000 0.000000 0.000000 -0.000000 0.000000 0.000000 0.000000 0.000000 0.000000 0.000000 
-0.002526 0.000281 0.001410 0.000000 0.000000 0.000000 -0.000000 0.000000 0.000000 0.000000 0.000000 0.000000 0.000000 
-0.001860 0.000207 0.001037 0.000000 0.000000 0.000000 -0.000000 0.000000 0.000000 0.000000 0.000000 0.000000 0.000000 
-0.001294 0.000144 0.000722 0.000000 0.000000 0.000000 -0.000000 0.000000 0.000000 0.000000 0.000000 0.000000 0.000000 
-0.000830 0.000092 0.000463 0.000000 0.000000 0.000000 -0.000000 0.000000 0.000000 0.000000 0.000000 0.000000 0.000000 
-0.000468 0.000052 0.000261 0.000000 0.000000 0.000000 -0.000000 0.000000 0.000000 0.000000 0.000000 0.000000 0.000000 
-0.000209 0.000023 0.000116 0.000000 0.000000 0.000000 -0.000000 0.000000 0.000000 0.000000 0.000000 0.000000 0.000000 
-0.000052 0.000006 0.000029 0.000000 0.000000 0.000000 -0.000000 0.000000 0.000000 0.000000 0.000000 0.000000 0.000000 
