0.000000 -0.000000 -0.000000 -0.000000 0.000000 -0.000000 -0.000000 0.000000 0.000000 0.000000 0.000000 0.000000 0.000000 
0.000000 0.000730 0.000608 0.000365 -0.000243 -0.000000 -0.000000 0.000000 0.000000 0.000000 0.000000 0.000000 0.000000 
0.000000 0.002896 0.002413 0.001448 -0.000965 -0.000000 -0.000000 0.000000 0.000000 0.000000 0.000000 0.000000 0.000000 
0.000000 0.006461 0.005384 0.003231 -0.002154 -0.000000 -0.000000 0.000000 0.000000 0.000000 0.000000 0.000000 0.000000 
0.000000 0.011388 0.009490 0.005694 -0.003796 -0.000000 -0.000000 0.000000 0.000000 0.000000 0.000000 0.000000 0.000000 
0.000000 0.017641 0.014701 0.008820 -0.005880 -0.000000 -0.000000 0.000000 0.000000 0.000000 0.000000 0.000000 0.000000 
0.000000 0.025182 0.020985 0.012591 -0.008394 -0.000000 -0.000000 0.000000 0.000000 0.000000 0.000000 0.000000 0.000000 
0.000000 0.033975 0.028312 0.016987 -0.011325 -0.000000 -0.000000 0.000000 0.000000 0.000000 0.000000 0.000000 0.000000 
0.000000 0.043982 0.036652 0.021991 -0.014661 -0.000000 -0.000000 0.000000 0.000000 0.000000 0.000000 0.000000 0.000000 
0.000000 0.055168 0.045973 0.027584 -0.018389 -0.000000 -0.000000 0.000000 0.000000 0.000000 0.000000 0.000000 0.000000 
0.000000 0.067495 0.056246 0.033748 -0.022498 -0.000000 -0.000000 0.000000 0.000000 0.000000 0.000000 0.000000 0.000000 
0.000000 0.080927 0.067439 0.040463 -0.026976 -0.000000 -0.000000 0.000000 0.000000 0.000000 0.000000 0.000000 0.000000 
0.000000 0.095426 0.079522 0.047713 -0.031809 -0.000000 -0.000000 0.000000 0.000000 0.000000 0.000000 0.000000 0.000000 
0.000000 0.110956 0.092463 0.055478 -0.036985 -0.000000 -0.000000 0.000000 0.000000 0.000000 0.000000 0.000000 0.000000 
0.000000 0.127480 0.106233 0.063740 -0.042493 -0.000000 -0.000000 0.000000 0.000000 0.000000 0.000000 0.000000 0.000000 
0.000000 0.144961 0.120801 0.072481 -0.048320 -0.000000 -0.000000 0.000000 0.000000 0.000000 0.000000 0.000000 0.000000 
0.000000 0.163363 0.136136 0.081681 -0.054454 -0.000000 -0.000000 0.000000 0.000000 0.000000 0.000000 0.000000 0.000000 
0.000000 0.182648 0.152207 0.091324 -0.060883 -0.000000 -0.000000 0.000000 0.000000 0.000000 0.000000 0.000000 0.000000 
0.000000 0.202780 0.168983 0.101390 -0.067593 -0.000000 -0.000000 0.000000 0.000000 0.000000 0.000000 0.000000 0.000000 
0.000000 0.223722 0.186435 0.111861 -0.074574 -0.000000 -0.000000 0.000000 0.000000 0.000000 0.000000 0.000000 0.000000 
0.000000 0.245437 0.204531 0.122718 -0.081812 -0.000000 -0.000000 0.000000 0.000000 0.000000 0.000000 0.000000 0.000000 
0.000000 0.267888 0.223240 0.133944 -0.089296 -0.000000 -0.000000 0.000000 0.000000 0.000000 0.000000 0.000000 0.000000 
0.000000 0.291039 0.242533 0.145520 -0.097013 -0.000000 -0.000000 0.000000 0.000000 0.000000 0.000000 0.000000 0.000000 
0.000000 0.314853 0.262377 0.157426 -0.104951 -0.000000 -0.000000 0.000000 0.000000 0.000000 0.000000 0.000000 0.000000 
0.000000 0.339292 0.282743 0.169646 -0.113097 -0.000000 -0.000000 0.000000 0.000000 0.000000 0.000000 0.000000 0.000000 
0.000000 0.364320 0.303600 0.182160 -0.121440 -0.000000 -0.000000 0.000000 0.000000 0.000000 0.000000 0.000000 0.000000 
0.000000 0.389901 0.324918 0.194951 -0.129967 -0.000000 -0.000000 0.000000 0.000000 0.000000 0.000000 0.000000 0.000000 
0.000000 0.415997 0.346664 0.207999 -0.138666 -0.000000 -0.000000 0.000000 0.000000 0.000000 0.000000 0.000000 0.000000 
0.000000 0.442572 0.368810 0.221286 -0.147524 -0.000000 -0.000000 0.000000 0.000000 0.000000 0.000000 0.000000 0.000000 
0.000000 0.469588 0.391324 0.234794 -0.156529 -0.000000 -0.000000 0.000000 0.000000 0.000000 0.000000 0.000000 0.000000 
0.000000 0.497010 0.414175 0.248505 -0.165670 -0.000000 -0.000000 0.000000 0.000000 0.000000 0.000000 0.000000 0.000000 
0.000000 0.524799 0.437333 0.262400 -0.174933 -0.000000 -0.000000 0.000000 0.000000 0.000000 0.000000 0.000000 0.000000 
0.000000 0.552920 0.460767 0.276460 -0.184307 -0.000000 -0.000000 0.000000 0.000000 0.000000 0.000000 0.000000 0.000000 
0.000000 0.581336 0.484446 0.290668 -0.193779 -0.000000 -0.000000 0.000000 0.000000 0.000000 0.000000 0.000000 0.000000 
0.000000 0.610009 0.508341 0.305004 -0.203336 -0.000000 -0.000000 0.000000 0.000000 0.000000 0.000000 0.000000 0.000000 
0.000000 0.638903 0.532419 0.319451 -0.212968 -0.000000 -0.000000 0.000000 0.000000 0.000000 0.000000 0.000000 0.000000 
0.000000 0.667981 0.556651 0.333991 -0.222660 -0.000000 -0.000000 0.000000 0.000000 0.000000 0.000000 0.000000 0.000000 
0.000000 0.697207 0.581005 0.348603 -0.232402 -0.000000 -0.000000 0.000000 0.000000 0.000000 0.000000 0.000000 0.000000 
0.000000 0.726542 0.605452 0.363271 -0.242181 -0.000000 -0.000000 0.000000 0.000000 0.000000 0.000000 0.000000 0.000000 
0.000000 0.755952 0.629960 0.377976 -0.251984 -0.000000 -0.000000 0.000000 0.000000 0.000000 0.000000 0.000000 0.000000 
0.000000 0.785398 0.654498 0.392699 -0.261799 -0.000000 -0.000000 0.000000 0.000000 0.000000 0.000000 0.000000 0.000000 
0.000000 0.814844 0.679037 0.407422 -0.271615 -0.000000 -0.000000 0.000000 0.000000 0.000000 0.000000 0.000000 0.000000 
0.000000 0.844254 0.703545 0.422127 -0.281418 -0.000000 -0.000000 0.000000 0.000000 0.000000 0.000000 0.000000 0.000000 
0.000000 0.873590 0.727991 0.436795 -0.291197 -0.000000 -0.000000 0.000000 0.000000 0.000000 0.000000 0.000000 0.000000 
0.000000 0.902815 0.752346 0.451408 -0.300938 -0.000000 -0.000000 0.000000 0.000000 0.000000 0.000000 0.000000 0.000000 
0.000000 0.931893 0.776578 0.465947 -0.310631 -0.000000 -0.000000 0.000000 0.000000 0.000000 0.000000 0.000000 0.000000 
0.000000 0.960787 0.800656 0.480394 -0.320262 -0.000000 -0.000000 0.000000 0.000000 0.000000 0.000000 0.000000 0.000000 
0.000000 0.989461 0.824550 0.494730 -0.329820 -0.000000 -0.000000 0.000000 0.000000 0.000000 0.000000 0.000000 0.000000 
0.000000 1.017876 0.848230 0.508938 -0.339292 -0.000000 -0.000000 0.000000 0.000000 0.000000 0.000000 0.000000 0.000000 
0.000000 1.045997 0.871664 0.522998 -0.348666 -0.000000 -0.000000 0.000000 0.000000 0.000000 0.000000 0.000000 0.000000 
0.000000 1.073787 0.894822 0.536893 -0.357929 -0.000000 -0.000000 0.000000 0.000000 0.000000 0.000000 0.000000 0.000000 
0.000000 1.101208 0.917673 0.550604 -0.367069 -0.000000 -0.000000 0.000000 0.000000 0.000000 0.000000 0.000000 0.000000 
0.000000 1.128224 0.940187 0.564112 -0.376075 -0.000000 -0.000000 0.000000 0.000000 0.000000 0.000000 0.000000 0.000000 
0.000000 1.154799 0.962333 0.577400 -0.384933 -0.000000 -0.000000 0.000000 0.000000 0.000000 0.000000 0.000000 0.000000 
0.000000 1.180895 0.984079 0.590448 -0.393632 -0.000000 -0.000000 0.000000 0.000000 0.000000 0.000000 0.000000 0.000000 
0.000000 1.206476 1.005397 0.603238 -0.402159 -0.000000 -0.000000 0.000000 0.000000 0.000000 0.000000 0.000000 0.000000 
0.000000 1.231504 1.026254 0.615752 -0.410501 -0.000000 -0.000000 0.000000 0.000000 0.000000 0.000000 0.000000 0.000000 
0.000000 1.255944 1.046620 0.627972 -0.418648 -0.000000 -0.000000 0.000000 0.000000 0.000000 0.000000 0.000000 0.000000 
0.000000 1.279757 1.066464 0.639879 -0.426586 -0.000000 -0.000000 0.000000 0.000000 0.000000 0.000000 0.000000 0.000000 
0.000000 1.302908 1.085757 0.651454 -0.434303 -0.000000 -0.000000 0.000000 0.000000 0.000000 0.000000 0.000000 0.000000 
0.000000 1.325359 1.104466 0.662680 -0.441786 -0.000000 -0.000000 0.000000 0.000000 0.000000 0.000000 0.000000 0.000000 
0.000000 1.347074 1.122562 0.673537 -0.449025 -0.000000 -0.000000 0.000000 0.000000 0.000000 0.000000 0.000000 0.000000 
0.000000 1.368016 1.140014 0.684008 -0.456005 -0.000000 -0.000000 0.000000 0.000000 0.000000 0.000000 0.000000 0.000000 
0.000000 1.388148 1.156790 0.694074 -0.462716 -0.000000 -0.000000 0.000000 0.000000 0.000000 0.000000 0.000000 0.000000 
0.000000 1.407433 1.172861 0.703717 -0.469144 -0.000000 -0.000000 0.000000 0.000000 0.000000 0.000000 0.000000 0.000000 
0.000000 1.425835 1.188196 0.712918 -0.475278 -0.000000 -0.000000 0.000000 0.000000 0.000000 0.000000 0.000000 0.000000 
0.000000 1.443316 1.202764 0.721658 -0.481105 -0.000000 -0.000000 0.000000 0.000000 0.000000 0.000000 0.000000 0.000000 
0.000000 1.459840 1.216534 0.729920 -0.486613 -0.000000 -0.000000 0.000000 0.000000 0.000000 0.000000 0.000000 0.000000 
0.000000 1.475370 1.229475 0.737685 -0.491790 -0.000000 -0.000000 0.000000 0.000000 0.000000 0.000000 0.000000 0.000000 
0.000000 1.489870 1.241558 0.744935 -0.496623 -0.000000 -0.000000 0.000000 0.000000 0.000000 0.000000 0.000000 0.000000 
0.000000 1.503301 1.252751 0.751651 -0.501100 -0.000000 -0.000000 0.000000 0.000000 0.000000 0.000000 0.000000 0.000000 
0.000000 1.515628 1.263024 0.757814 -0.505209 -0.000000 -0.000000 0.000000 0.000000 0.000000 0.000000 0.000000 0.000000 
0.000000 1.526814 1.272345 0.763407 -0.508938 -0.000000 -0.000000 0.000000 0.000000 0.000000 0.000000 0.000000 0.000000 
0.000000 1.536822 1.280685 0.768411 -0.512274 -0.000000 -0.000000 0.000000 0.000000 0.000000 0.000000 0.000000 0.000000 
0.000000 1.545614 1.288012 0.772807 -0.515205 -0.000000 -0.000000 0.000000 0.000000 0.000000 0.000000 0.000000 0.000000 
0.000000 1.553156 1.294296 0.776578 -0.517719 -0.000000 -0.000000 0.000000 0.000000 0.000000 0.000000 0.000000 0.000000 
0.000000 1.559408 1.299507 0.779704 -0.519803 -0.000000 -0.000000 0.000000 0.000000 0.000000 0.000000 0.000000 0.000000 
0.000000 1.564335 1.303613 0.782168 -0.521445 -0.000000 -0.000000 0.000000 0.000000 0.000000 0.000000 0.000000 0.000000 
0.000000 1.567900 1.306583 0.783950 -0.522633 -0.000000 -0.000000 0.000000 0.000000 0.000000 0.000000 0.000000 0.000000 
0.000000 1.570066 1.308388 0.785033 -0.523355 -0.000000 -0.000000 0.000000 0.000000 0.000000 0.000000 0.000000 0.000000 
0.000000 1.570796 1.308997 0.785398 -0.523599 -0.000000 -0.000000 0.000000 0.000000 0.000000 0.000000 0.000000 0.000000 
0.000000 1.570432 1.308828 0.785112 -0.523443 -0.000026 -0.000000 0.000000 0.000000 0.000000 0.000000 0.000000 0.000000 
0.000000 1.569350 1.308324 0.784262 -0.522979 -0.000104 -0.000000 0.000000 0.000000 0.000000 0.000000 0.000000 0.000000 
0.000000 1.567564 1.307490 0.782858 -0.522213 -0.000233 -0.000000 0.000000 0.000000 0.000000 0.000000 0.000000 0.000000 
0.000000 1.565088 1.306333 0.780913 -0.521153 -0.000413 -0.000000 0.000000 0.000000 0.000000 0.000000 0.000000 0.000000 
0.000000 1.561939 1.304857 0.778439 -0.519803 -0.000644 -0.000000 0.000000 0.000000 0.000000 0.000000 0.000000 0.000000 
0.000000 1.558129 1.303069 0.775446 -0.518170 -0.000924 -0.000000 0.000000 0.000000 0.000000 0.000000 0.000000 0.000000 
0.000000 1.553675 1.300973 0.771946 -0.516261 -0.001253 -0.000000 0.000000 0.000000 0.000000 0.000000 0.000000 0.000000 
0.000000 1.548590 1.298575 0.767950 -0.514082 -0.001631 -0.000000 0.000000 0.000000 0.000000 0.000000 0.000000 0.000000 
0.000000 1.542890 1.295881 0.763471 -0.511639 -0.002057 -0.000000 0.000000 0.000000 0.000000 0.000000 0.000000 0.000000 
0.000000 1.536588 1.292896 0.758520 -0.508938 -0.002531 -0.000000 0.000000 0.000000 0.000000 0.000000 0.000000 0.000000 
0.000000 1.529700 1.289626 0.753108 -0.505986 -0.003052 -0.000000 0.000000 0.000000 0.000000 0.000000 0.000000 0.000000 
0.000000 1.522240 1.286076 0.747247 -0.502789 -0.003619 -0.000000 0.000000 0.000000 0.000000 0.000000 0.000000 0.000000 
0.000000 1.514223 1.282251 0.740948 -0.499353 -0.004233 -0.000000 0.000000 0.000000 0.000000 0.000000 0.000000 0.000000 
0.000000 1.505663 1.278158 0.734222 -0.495685 -0.004892 -0.000000 0.000000 0.000000 0.000000 0.000000 0.000000 0.000000 
0.000000 1.496576 1.273801 0.727082 -0.491790 -0.005596 -0.000000 0.000000 0.000000 0.000000 0.000000 0.000000 0.000000 
0.000000 1.486976 1.269187 0.719539 -0.487676 -0.006345 -0.000000 0.000000 0.000000 0.000000 0.000000 0.000000 0.000000 
0.000000 1.476877 1.264320 0.711604 -0.483348 -0.007137 -0.000000 0.000000 0.000000 0.000000 0.000000 0.000000 0.000000 
0.000000 1.466294 1.259206 0.703289 -0.478812 -0.007973 -0.000000 0.000000 0.000000 0.000000 0.000000 0.000000 0.000000 
0.000000 1.455243 1.253851 0.694606 -0.474076 -0.008852 -0.000000 0.000000 0.000000 0.000000 0.000000 0.000000 0.000000 
0.000000 1.443736 1.248259 0.685565 -0.469144 -0.009774 -0.000000 0.000000 0.000000 0.000000 0.000000 0.000000 0.000000 
0.000000 1.431790 1.242438 0.676179 -0.464025 -0.010737 -0.000000 0.000000 0.000000 0.000000 0.000000 0.000000 0.000000 
0.000000 1.419419 1.236392 0.666459 -0.458723 -0.011742 -0.000000 0.000000 0.000000 0.000000 0.000000 0.000000 0.000000 
0.000000 1.406637 1.230126 0.656416 -0.453245 -0.012787 -0.000000 0.000000 0.000000 0.000000 0.000000 0.000000 0.000000 
0.000000 1.393460 1.223646 0.646062 -0.447597 -0.013873 -0.000000 0.000000 0.000000 0.000000 0.000000 0.000000 0.000000 
0.000000 1.379901 1.216958 0.635409 -0.441786 -0.014999 -0.000000 0.000000 0.000000 0.000000 0.000000 0.000000 0.000000 
0.000000 1.365976 1.210067 0.624468 -0.435818 -0.016164 -0.000000 0.000000 0.000000 0.000000 0.000000 0.000000 0.000000 
0.000000 1.351698 1.202979 0.613250 -0.429700 -0.017368 -0.000000 0.000000 0.000000 0.000000 0.000000 0.000000 0.000000 
0.000000 1.337084 1.195699 0.601767 -0.423436 -0.018609 -0.000000 0.000000 0.000000 0.000000 0.000000 0.000000 0.000000 
0.000000 1.322147 1.188232 0.590031 -0.417035 -0.019889 -0.000000 0.000000 0.000000 0.000000 0.000000 0.000000 0.000000 
0.000000 1.306903 1.180584 0.578053 -0.410501 -0.021206 -0.000000 0.000000 0.000000 0.000000 0.000000 0.000000 0.000000 
0.000000 1.291365 1.172761 0.565845 -0.403842 -0.022559 -0.000000 0.000000 0.000000 0.000000 0.000000 0.000000 0.000000 
0.000000 1.275548 1.164768 0.553417 -0.397064 -0.023949 -0.000000 0.000000 0.000000 0.000000 0.000000 0.000000 0.000000 
0.000000 1.259468 1.156611 0.540783 -0.390172 -0.025374 -0.000000 0.000000 0.000000 0.000000 0.000000 0.000000 0.000000 
0.000000 1.243138 1.148295 0.527952 -0.383174 -0.026834 -0.000000 0.000000 0.000000 0.000000 0.000000 0.000000 0.000000 
0.000000 1.226574 1.139825 0.514938 -0.376075 -0.028329 -0.000000 0.000000 0.000000 0.000000 0.000000 0.000000 0.000000 
0.000000 1.209790 1.131208 0.501750 -0.368882 -0.029858 -0.000000 0.000000 0.000000 0.000000 0.000000 0.000000 0.000000 
0.000000 1.192800 1.122448 0.488401 -0.361600 -0.031420 -0.000000 0.000000 0.000000 0.000000 0.000000 0.000000 0.000000 
0.000000 1.175620 1.113551 0.474903 -0.354238 -0.033015 -0.000000 0.000000 0.000000 0.000000 0.000000 0.000000 0.000000 
0.000000 1.158264 1.104523 0.461266 -0.346799 -0.034643 -0.000000 0.000000 0.000000 0.000000 0.000000 0.000000 0.000000 
0.000000 1.140747 1.095369 0.447502 -0.339292 -0.036303 -0.000000 0.000000 0.000000 0.000000 0.000000 0.000000 0.000000 
0.000000 1.123083 1.086094 0.433624 -0.331722 -0.037994 -0.000000 0.000000 0.000000 0.000000 0.000000 0.000000 0.000000 
0.000000 1.105288 1.076704 0.419641 -0.324095 -0.039716 -0.000000 0.000000 0.000000 0.000000 0.000000 0.000000 0.000000 
0.000000 1.087375 1.067205 0.405567 -0.316418 -0.041468 -0.000000 0.000000 0.000000 0.000000 0.000000 0.000000 0.000000 
0.000000 1.069359 1.057602 0.391412 -0.308697 -0.043251 -0.000000 0.000000 0.000000 0.000000 0.000000 0.000000 0.000000 
0.000000 1.051255 1.047901 0.377187 -0.300938 -0.045062 -0.000000 0.000000 0.000000 0.000000 0.000000 0.000000 0.000000 
0.000000 1.033079 1.038107 0.362906 -0.293148 -0.046903 -0.000000 0.000000 0.000000 0.000000 0.000000 0.000000 0.000000 
0.000000 1.014843 1.028225 0.348578 -0.285333 -0.048771 -0.000000 0.000000 0.000000 0.000000 0.000000 0.000000 0.000000 
0.000000 0.996563 1.018261 0.334215 -0.277499 -0.050668 -0.000000 0.000000 0.000000 0.000000 0.000000 0.000000 0.000000 
0.000000 0.978255 1.008221 0.319830 -0.269652 -0.052591 -0.000000 0.000000 0.000000 0.000000 0.000000 0.000000 0.000000 
0.000000 0.959931 0.998110 0.305433 -0.261799 -0.054542 -0.000000 0.000000 0.000000 0.000000 0.000000 0.000000 0.000000 
0.000000 0.941608 0.987934 0.291036 -0.253946 -0.056518 -0.000000 0.000000 0.000000 0.000000 0.000000 0.000000 0.000000 
0.000000 0.923299 0.977697 0.276650 -0.246100 -0.058520 -0.000000 0.000000 0.000000 0.000000 0.000000 0.000000 0.000000 
0.000000 0.905019 0.967406 0.262288 -0.238266 -0.060547 -0.000000 0.000000 0.000000 0.000000 0.000000 0.000000 0.000000 
0.000000 0.886784 0.957066 0.247960 -0.230450 -0.062599 -0.000000 0.000000 0.000000 0.000000 0.000000 0.000000 0.000000 
0.000000 0.868607 0.946683 0.233678 -0.222660 -0.064675 -0.000000 0.000000 0.000000 0.000000 0.000000 0.000000 0.000000 
0.000000 0.850503 0.936262 0.219454 -0.214902 -0.066775 -0.000000 0.000000 0.000000 0.000000 0.000000 0.000000 0.000000 
0.000000 0.832487 0.925808 0.205298 -0.207181 -0.068897 -0.000000 0.000000 0.000000 0.000000 0.000000 0.000000 0.000000 
0.000000 0.814574 0.915327 0.191224 -0.199504 -0.071043 -0.000000 0.000000 0.000000 0.000000 0.000000 0.000000 0.000000 
0.000000 0.796779 0.904825 0.177241 -0.191877 -0.073210 -0.000000 0.000000 0.000000 0.000000 0.000000 0.000000 0.000000 
0.000000 0.779115 0.894307 0.163363 -0.184307 -0.075398 -0.000000 0.000000 0.000000 0.000000 0.000000 0.000000 0.000000 
0.000000 0.761598 0.883778 0.149599 -0.176799 -0.077608 -0.000000 0.000000 0.000000 0.000000 0.000000 0.000000 0.000000 
0.000000 0.744242 0.873244 0.135963 -0.169361 -0.079838 -0.000000 0.000000 0.000000 0.000000 0.000000 0.000000 0.000000 
0.000000 0.727062 0.862711 0.122464 -0.161998 -0.082087 -0.000000 0.000000 0.000000 0.000000 0.000000 0.000000 0.000000 
0.000000 0.710073 0.852184 0.109115 -0.154717 -0.084357 -0.000000 0.000000 0.000000 0.000000 0.000000 0.000000 0.000000 
0.000000 0.693288 0.841669 0.095928 -0.147524 -0.086645 -0.000000 0.000000 0.000000 0.000000 0.000000 0.000000 0.000000 
0.000000 0.676724 0.831170 0.082913 -0.140425 -0.088951 -0.000000 0.000000 0.000000 0.000000 0.000000 0.000000 0.000000 
0.000000 0.660395 0.820694 0.070082 -0.133427 -0.091275 -0.000000 0.000000 0.000000 0.000000 0.000000 0.000000 0.000000 
0.000000 0.644314 0.810246 0.057448 -0.126535 -0.093617 -0.000000 0.000000 0.000000 0.000000 0.000000 0.000000 0.000000 
0.000000 0.628498 0.799832 0.045021 -0.119756 -0.095975 -0.000000 0.000000 0.000000 0.000000 0.000000 0.000000 0.000000 
0.000000 0.612960 0.789456 0.032812 -0.113097 -0.098349 -0.000000 0.000000 0.000000 0.000000 0.000000 0.000000 0.000000 
0.000000 0.597715 0.779125 0.020834 -0.106564 -0.100739 -0.000000 0.000000 0.000000 0.000000 0.000000 0.000000 0.000000 
0.000000 0.582778 0.768844 0.009098 -0.100162 -0.103145 -0.000000 0.000000 0.000000 0.000000 0.000000 0.000000 0.000000 
0.000000 0.568164 0.758619 -0.002385 -0.093899 -0.105565 -0.000000 0.000000 0.000000 0.000000 0.000000 0.000000 0.000000 
0.000000 0.553887 0.748454 -0.013602 -0.087780 -0.107999 -0.000000 0.000000 0.000000 0.000000 0.000000 0.000000 0.000000 
0.000000 0.539961 0.738356 -0.024544 -0.081812 -0.110447 -0.000000 0.000000 0.000000 0.000000 0.000000 0.000000 0.000000 
0.000000 0.526402 0.728330 -0.035197 -0.076001 -0.112907 -0.000000 0.000000 0.000000 0.000000 0.000000 0.000000 0.000000 
0.000000 0.513225 0.718382 -0.045551 -0.070354 -0.115381 -0.000000 0.000000 0.000000 0.000000 0.000000 0.000000 0.000000 
0.000000 0.500443 0.708516 -0.055594 -0.064876 -0.117866 -0.000000 0.000000 0.000000 0.000000 0.000000 0.000000 0.000000 
0.000000 0.488072 0.698739 -0.065314 -0.059574 -0.120363 -0.000000 0.000000 0.000000 0.000000 0.000000 0.000000 0.000000 
0.000000 0.476126 0.689056 -0.074700 -0.054454 -0.122871 -0.000000 0.000000 0.000000 0.000000 0.000000 0.000000 0.000000 
0.000000 0.464620 0.679472 -0.083741 -0.049523 -0.125390 -0.000000 0.000000 0.000000 0.000000 0.000000 0.000000 0.000000 
0.000000 0.453568 0.669994 -0.092424 -0.044787 -0.127918 -0.000000 0.000000 0.000000 0.000000 0.000000 0.000000 0.000000 
0.000000 0.442985 0.660626 -0.100739 -0.040251 -0.130456 -0.000000 0.000000 0.000000 0.000000 0.000000 0.000000 0.000000 
0.000000 0.432886 0.651374 -0.108674 -0.035923 -0.133002 -0.000000 0.000000 0.000000 0.000000 0.000000 0.000000 0.000000 
0.000000 0.423286 0.642243 -0.116217 -0.031809 -0.135558 -0.000000 0.000000 0.000000 0.000000 0.000000 0.000000 0.000000 
0.000000 0.414199 0.633239 -0.123357 -0.027914 -0.138120 -0.000000 0.000000 0.000000 0.000000 0.000000 0.000000 0.000000 
0.000000 0.405639 0.624368 -0.130082 -0.024246 -0.140691 -0.000000 0.000000 0.000000 0.000000 0.000000 0.000000 0.000000 
0.000000 0.397622 0.615635 -0.136381 -0.020810 -0.143268 -0.000000 0.000000 0.000000 0.000000 0.000000 0.000000 0.000000 
0.000000 0.390162 0.607045 -0.142243 -0.017613 -0.145851 -0.000000 0.000000 0.000000 0.000000 0.000000 0.000000 0.000000 
0.000000 0.383274 0.598604 -0.147655 -0.014661 -0.148440 -0.000000 0.000000 0.000000 0.000000 0.000000 0.000000 0.000000 
0.000000 0.376973 0.590318 -0.152606 -0.011960 -0.151035 -0.000000 0.000000 0.000000 0.000000 0.000000 0.000000 0.000000 
0.000000 0.371272 0.582192 -0.157085 -0.009517 -0.153634 -0.000000 0.000000 0.000000 0.000000 0.000000 0.000000 0.000000 
0.000000 0.366187 0.574231 -0.161080 -0.007338 -0.156237 -0.000000 0.000000 0.000000 0.000000 0.000000 0.000000 0.000000 
0.000000 0.361733 0.566441 -0.164580 -0.005429 -0.158844 -0.000000 0.000000 0.000000 0.000000 0.000000 0.000000 0.000000 
0.000000 0.357923 0.558827 -0.167573 -0.003796 -0.161454 -0.000000 0.000000 0.000000 0.000000 0.000000 0.000000 0.000000 
0.000000 0.354774 0.551396 -0.170048 -0.002446 -0.164067 -0.000000 0.000000 0.000000 0.000000 0.000000 0.000000 0.000000 
0.000000 0.352299 0.544151 -0.171993 -0.001385 -0.166681 -0.000000 0.000000 0.000000 0.000000 0.000000 0.000000 0.000000 
0.000000 0.350512 0.537100 -0.173396 -0.000620 -0.169298 -0.000000 0.000000 0.000000 0.000000 0.000000 0.000000 0.000000 
0.000000 0.349430 0.530248 -0.174247 -0.000156 -0.171915 -0.000000 0.000000 0.000000 0.000000 0.000000 0.000000 0.000000 
0.000000 0.349066 0.523599 -0.174533 0.000000 -0.174533 -0.000000 0.000000 0.000000 0.000000 0.000000 0.000000 0.000000 
0.000000 0.349066 0.517028 -0.174463 -0.000156 -0.177203 0.000104 0.000000 0.000000 0.000000 0.000000 0.000000 0.000000 
0.000000 0.349066 0.510407 -0.174256 -0.000620 -0.179975 0.000413 0.000000 0.000000 0.000000 0.000000 0.000000 0.000000 
0.000000 0.349066 0.503739 -0.173914 -0.001385 -0.182846 0.000924 0.000000 0.000000 0.000000 0.000000 0.000000 0.000000 
0.000000 0.349066 0.497025 -0.173438 -0.002446 -0.185815 0.001631 0.000000 0.000000 0.000000 0.000000 0.000000 0.000000 
0.000000 0.349066 0.490268 -0.172831 -0.003796 -0.188877 0.002531 0.000000 0.000000 0.000000 0.000000 0.000000 0.000000 
0.000000 0.349066 0.483471 -0.172095 -0.005429 -0.192032 0.003619 0.000000 0.000000 0.000000 0.000000 0.000000 0.000000 
0.000000 0.349066 0.476636 -0.171232 -0.007338 -0.195275 0.004892 0.000000 0.000000 0.000000 0.000000 0.000000 0.000000 
0.000000 0.349066 0.469764 -0.170244 -0.009517 -0.198604 0.006345 0.000000 0.000000 0.000000 0.000000 0.000000 0.000000 
0.000000 0.349066 0.462860 -0.169133 -0.011960 -0.202018 0.007973 0.000000 0.000000 0.000000 0.000000 0.000000 0.000000 
0.000000 0.349066 0.455924 -0.167901 -0.014661 -0.205513 0.009774 0.000000 0.000000 0.000000 0.000000 0.000000 0.000000 
0.000000 0.349066 0.448959 -0.166550 -0.017613 -0.209086 0.011742 0.000000 0.000000 0.000000 0.000000 0.000000 0.000000 
0.000000 0.349066 0.441968 -0.165083 -0.020810 -0.212735 0.013873 0.000000 0.000000 0.000000 0.000000 0.000000 0.000000 
0.000000 0.349066 0.434952 -0.163501 -0.024246 -0.216457 0.016164 0.000000 0.000000 0.000000 0.000000 0.000000 0.000000 
0.000000 0.349066 0.427915 -0.161807 -0.027914 -0.220250 0.018609 0.000000 0.000000 0.000000 0.000000 0.000000 0.000000 
0.000000 0.349066 0.420859 -0.160003 -0.031809 -0.224111 0.021206 0.000000 0.000000 0.000000 0.000000 0.000000 0.000000 
0.000000 0.349066 0.413785 -0.158091 -0.035923 -0.228038 0.023949 0.000000 0.000000 0.000000 0.000000 0.000000 0.000000 
0.000000 0.349066 0.406697 -0.156072 -0.040251 -0.232027 0.026834 0.000000 0.000000 0.000000 0.000000 0.000000 0.000000 
0.000000 0.349066 0.399597 -0.153949 -0.044787 -0.236077 0.029858 0.000000 0.000000 0.000000 0.000000 0.000000 0.000000 
0.000000 0.349066 0.392487 -0.151725 -0.049523 -0.240184 0.033015 0.000000 0.000000 0.000000 0.000000 0.000000 0.000000 
0.000000 0.349066 0.385369 -0.149400 -0.054454 -0.244346 0.036303 0.000000 0.000000 0.000000 0.000000 0.000000 0.000000 
0.000000 0.349066 0.378246 -0.146978 -0.059574 -0.248561 0.039716 0.000000 0.000000 0.000000 0.000000 0.000000 0.000000 
0.000000 0.349066 0.371119 -0.144460 -0.064876 -0.252825 0.043251 0.000000 0.000000 0.000000 0.000000 0.000000 0.000000 
0.000000 0.349066 0.363993 -0.141849 -0.070354 -0.257136 0.046903 0.000000 0.000000 0.000000 0.000000 0.000000 0.000000 
0.000000 0.349066 0.356868 -0.139146 -0.076001 -0.261492 0.050668 0.000000 0.000000 0.000000 0.000000 0.000000 0.000000 
0.000000 0.349066 0.349748 -0.136354 -0.081812 -0.265890 0.054542 0.000000 0.000000 0.000000 0.000000 0.000000 0.000000 
0.000000 0.349066 0.342634 -0.133474 -0.087780 -0.270327 0.058520 0.000000 0.000000 0.000000 0.000000 0.000000 0.000000 
0.000000 0.349066 0.335529 -0.130510 -0.093899 -0.274801 0.062599 0.000000 0.000000 0.000000 0.000000 0.000000 0.000000 
0.000000 0.349066 0.328435 -0.127462 -0.100162 -0.279308 0.066775 0.000000 0.000000 0.000000 0.000000 0.000000 0.000000 
0.000000 0.349066 0.321354 -0.124333 -0.106564 -0.283848 0.071043 0.000000 0.000000 0.000000 0.000000 0.000000 0.000000 
0.000000 0.349066 0.314290 -0.121126 -0.113097 -0.288416 0.075398 0.000000 0.000000 0.000000 0.000000 0.000000 0.000000 
0.000000 0.349066 0.307244 -0.117841 -0.119756 -0.293010 0.079838 0.000000 0.000000 0.000000 0.000000 0.000000 0.000000 
0.000000 0.349066 0.300219 -0.114482 -0.126535 -0.297627 0.084357 0.000000 0.000000 0.000000 0.000000 0.000000 0.000000 
0.000000 0.349066 0.293217 -0.111051 -0.133427 -0.302266 0.088951 0.000000 0.000000 0.000000 0.000000 0.000000 0.000000 
0.000000 0.349066 0.286240 -0.107549 -0.140425 -0.306923 0.093617 0.000000 0.000000 0.000000 0.000000 0.000000 0.000000 
0.000000 0.349066 0.279291 -0.103978 -0.147524 -0.311596 0.098349 0.000000 0.000000 0.000000 0.000000 0.000000 0.000000 
0.000000 0.349066 0.272372 -0.100341 -0.154717 -0.316282 0.103145 0.000000 0.000000 0.000000 0.000000 0.000000 0.000000 
0.000000 0.349066 0.265485 -0.096640 -0.161998 -0.320978 0.107999 0.000000 0.000000 0.000000 0.000000 0.000000 0.000000 
0.000000 0.349066 0.258634 -0.092877 -0.169361 -0.325682 0.112907 0.000000 0.000000 0.000000 0.000000 0.000000 0.000000 
0.000000 0.349066 0.251819 -0.089053 -0.176799 -0.330391 0.117866 0.000000 0.000000 0.000000 0.000000 0.000000 0.000000 
0.000000 0.349066 0.245044 -0.085172 -0.184307 -0.335103 0.122871 0.000000 0.000000 0.000000 0.000000 0.000000 0.000000 
0.000000 0.349066 0.238311 -0.081235 -0.191877 -0.339815 0.127918 0.000000 0.000000 0.000000 0.000000 0.000000 0.000000 
0.000000 0.349066 0.231622 -0.077244 -0.199504 -0.344524 0.133002 0.000000 0.000000 0.000000 0.000000 0.000000 0.000000 
0.000000 0.349066 0.224980 -0.073201 -0.207181 -0.349229 0.138120 0.000000 0.000000 0.000000 0.000000 0.000000 0.000000 
0.000000 0.349066 0.218387 -0.069109 -0.214902 -0.353925 0.143268 0.000000 0.000000 0.000000 0.000000 0.000000 0.000000 
0.000000 0.349066 0.211845 -0.064970 -0.222660 -0.358611 0.148440 0.000000 0.000000 0.000000 0.000000 0.000000 0.000000 
0.000000 0.349066 0.205356 -0.060785 -0.230450 -0.363283 0.153634 0.000000 0.000000 0.000000 0.000000 0.000000 0.000000 
0.000000 0.349066 0.198924 -0.056557 -0.238266 -0.367940 0.158844 0.000000 0.000000 0.000000 0.000000 0.000000 0.000000 
0.000000 0.349066 0.192550 -0.052287 -0.246100 -0.372579 0.164067 0.000000 0.000000 0.000000 0.000000 0.000000 0.000000 
0.000000 0.349066 0.186237 -0.047979 -0.253946 -0.377197 0.169298 0.000000 0.000000 0.000000 0.000000 0.000000 0.000000 
0.000000 0.349066 0.179987 -0.043633 -0.261799 -0.381791 0.174533 0.000000 0.000000 0.000000 0.000000 0.000000 0.000000 
0.000000 0.349066 0.173802 -0.039253 -0.269652 -0.386359 0.179768 0.000000 0.000000 0.000000 0.000000 0.000000 0.000000 
0.000000 0.349066 0.167686 -0.034839 -0.277499 -0.390898 0.184999 0.000000 0.000000 0.000000 0.000000 0.000000 0.000000 
0.000000 0.349066 0.161639 -0.030395 -0.285333 -0.395406 0.190222 0.000000 0.000000 0.000000 0.000000 0.000000 0.000000 
0.000000 0.349066 0.155665 -0.025923 -0.293148 -0.399879 0.195432 0.000000 0.000000 0.000000 0.000000 0.000000 0.000000 
0.000000 0.349066 0.149766 -0.021424 -0.300938 -0.404316 0.200626 0.000000 0.000000 0.000000 0.000000 0.000000 0.000000 
0.000000 0.349066 0.143944 -0.016900 -0.308697 -0.408714 0.205798 0.000000 0.000000 0.000000 0.000000 0.000000 0.000000 
0.000000 0.349066 0.138201 -0.012354 -0.316418 -0.413070 0.210945 0.000000 0.000000 0.000000 0.000000 0.000000 0.000000 
0.000000 0.349066 0.132541 -0.007788 -0.324095 -0.417381 0.216063 0.000000 0.000000 0.000000 0.000000 0.000000 0.000000 
0.000000 0.349066 0.126964 -0.003204 -0.331722 -0.421646 0.221148 0.000000 0.000000 0.000000 0.000000 0.000000 0.000000 
0.000000 0.349066 0.121475 0.001396 -0.339292 -0.425860 0.226195 0.000000 0.000000 0.000000 0.000000 0.000000 0.000000 
0.000000 0.349066 0.116074 0.006011 -0.346799 -0.430022 0.231200 0.000000 0.000000 0.000000 0.000000 0.000000 0.000000 
0.000000 0.349066 0.110765 0.010637 -0.354238 -0.434130 0.236158 0.000000 0.000000 0.000000 0.000000 0.000000 0.000000 
0.000000 0.349066 0.105550 0.015273 -0.361600 -0.438179 0.241067 0.000000 0.000000 0.000000 0.000000 0.000000 0.000000 
0.000000 0.349066 0.100430 0.019916 -0.368882 -0.442169 0.245921 0.000000 0.000000 0.000000 0.000000 0.000000 0.000000 
0.000000 0.349066 0.095410 0.024566 -0.376075 -0.446095 0.250717 0.000000 0.000000 0.000000 0.000000 0.000000 0.000000 
0.000000 0.349066 0.090489 0.029218 -0.383174 -0.449956 0.255449 0.000000 0.000000 0.000000 0.000000 0.000000 0.000000 
0.000000 0.349066 0.085672 0.033872 -0.390172 -0.453749 0.260115 0.000000 0.000000 0.000000 0.000000 0.000000 0.000000 
0.000000 0.349066 0.080961 0.038526 -0.397064 -0.457472 0.264709 0.000000 0.000000 0.000000 0.000000 0.000000 0.000000 
0.000000 0.349066 0.076357 0.043176 -0.403842 -0.461121 0.269228 0.000000 0.000000 0.000000 0.000000 0.000000 0.000000 
0.000000 0.349066 0.071864 0.047822 -0.410501 -0.464694 0.273668 0.000000 0.000000 0.000000 0.000000 0.000000 0.000000 
0.000000 0.349066 0.067483 0.052461 -0.417035 -0.468188 0.278023 0.000000 0.000000 0.000000 0.000000 0.000000 0.000000 
0.000000 0.349066 0.063217 0.057091 -0.423436 -0.471602 0.282291 0.000000 0.000000 0.000000 0.000000 0.000000 0.000000 
0.000000 0.349066 0.059069 0.061709 -0.429700 -0.474931 0.286466 0.000000 0.000000 0.000000 0.000000 0.000000 0.000000 
0.000000 0.349066 0.055040 0.066314 -0.435818 -0.478175 0.290546 0.000000 0.000000 0.000000 0.000000 0.000000 0.000000 
0.000000 0.349066 0.051133 0.070904 -0.441786 -0.481329 0.294524 0.000000 0.000000 0.000000 0.000000 0.000000 0.000000 
0.000000 0.349066 0.047350 0.075477 -0.447597 -0.484392 0.298398 0.000000 0.000000 0.000000 0.000000 0.000000 0.000000 
0.000000 0.349066 0.043694 0.080029 -0.453245 -0.487360 0.302163 0.000000 0.000000 0.000000 0.000000 0.000000 0.000000 
0.000000 0.349066 0.040167 0.084561 -0.458723 -0.490231 0.305815 0.000000 0.000000 0.000000 0.000000 0.000000 0.000000 
0.000000 0.349066 0.036772 0.089068 -0.464025 -0.493003 0.309350 0.000000 0.000000 0.000000 0.000000 0.000000 0.000000 
0.000000 0.349066 0.033510 0.093550 -0.469144 -0.495673 0.312763 0.000000 0.000000 0.000000 0.000000 0.000000 0.000000 
0.000000 0.349066 0.030385 0.098004 -0.474076 -0.498239 0.316050 0.000000 0.000000 0.000000 0.000000 0.000000 0.000000 
0.000000 0.349066 0.027398 0.102427 -0.478812 -0.500696 0.319208 0.000000 0.000000 0.000000 0.000000 0.000000 0.000000 
0.000000 0.349066 0.024552 0.106819 -0.483348 -0.503044 0.322232 0.000000 0.000000 0.000000 0.000000 0.000000 0.000000 
0.000000 0.349066 0.021849 0.111176 -0.487676 -0.505280 0.325117 0.000000 0.000000 0.000000 0.000000 0.000000 0.000000 
0.000000 0.349066 0.019291 0.115497 -0.491790 -0.507400 0.327860 0.000000 0.000000 0.000000 0.000000 0.000000 0.000000 
0.000000 0.349066 0.016882 0.119780 -0.495685 -0.509402 0.330456 0.000000 0.000000 0.000000 0.000000 0.000000 0.000000 
0.000000 0.349066 0.014623 0.124022 -0.499353 -0.511284 0.332902 0.000000 0.000000 0.000000 0.000000 0.000000 0.000000 
0.000000 0.349066 0.012516 0.128222 -0.502789 -0.513043 0.335193 0.000000 0.000000 0.000000 0.000000 0.000000 0.000000 
0.000000 0.349066 0.010565 0.132377 -0.505986 -0.514676 0.337324 0.000000 0.000000 0.000000 0.000000 0.000000 0.000000 
0.000000 0.349066 0.008770 0.136485 -0.508938 -0.516181 0.339292 0.000000 0.000000 0.000000 0.000000 0.000000 0.000000 
0.000000 0.349066 0.007136 0.140544 -0.511639 -0.517555 0.341092 0.000000 0.000000 0.000000 0.000000 0.000000 0.000000 
0.000000 0.349066 0.005663 0.144553 -0.514082 -0.518795 0.342721 0.000000 0.000000 0.000000 0.000000 0.000000 0.000000 
0.000000 0.349066 0.004355 0.148508 -0.516261 -0.519900 0.344174 0.000000 0.000000 0.000000 0.000000 0.000000 0.000000 
0.000000 0.349066 0.003214 0.152408 -0.518170 -0.520865 0.345447 0.000000 0.000000 0.000000 0.000000 0.000000 0.000000 
0.000000 0.349066 0.002242 0.156251 -0.519803 -0.521690 0.346535 0.000000 0.000000 0.000000 0.000000 0.000000 0.000000 
0.000000 0.349066 0.001441 0.160034 -0.521153 -0.522370 0.347435 0.000000 0.000000 0.000000 0.000000 0.000000 0.000000 
0.000000 0.349066 0.000814 0.163756 -0.522213 -0.522904 0.348142 0.000000 0.000000 0.000000 0.000000 0.000000 0.000000 
0.000000 0.349066 0.000363 0.167415 -0.522979 -0.523288 0.348653 0.000000 0.000000 0.000000 0.000000 0.000000 0.000000 
0.000000 0.349066 0.000091 0.171008 -0.523443 -0.523521 0.348962 0.000000 0.000000 0.000000 0.000000 0.000000 0.000000 
0.000000 0.349066 -0.000000 0.174533 -0.523599 -0.523599 0.349066 0.000000 0.000000 0.000000 0.000000 0.000000 0.000000 
0.000000 0.349144 0.000000 0.178058 -0.523443 -0.523599 0.348962 0.000000 0.000000 0.000000 0.000000 0.000000 0.000000 
0.000000 0.349376 0.000000 0.181651 -0.522979 -0.523599 0.348653 0.000000 0.000000 0.000000 0.000000 0.000000 0.000000 
0.000000 0.349759 0.000000 0.185310 -0.522213 -0.523599 0.348142 0.000000 0.000000 0.000000 0.000000 0.000000 0.000000 
0.000000 0.350289 0.000000 0.189032 -0.521153 -0.523599 0.347435 0.000000 0.000000 0.000000 0.000000 0.000000 0.000000 
0.000000 0.350964 0.000000 0.192815 -0.519803 -0.523599 0.346535 0.000000 0.000000 0.000000 0.000000 0.000000 0.000000 
0.000000 0.351780 0.000000 0.196658 -0.518170 -0.523599 0.345447 0.000000 0.000000 0.000000 0.000000 0.000000 0.000000 
0.000000 0.352735 0.000000 0.200558 -0.516261 -0.523599 0.344174 0.000000 0.000000 0.000000 0.000000 0.000000 0.000000 
0.000000 0.353824 0.000000 0.204514 -0.514082 -0.523599 0.342721 0.000000 0.000000 0.000000 0.000000 0.000000 0.000000 
0.000000 0.355046 0.000000 0.208522 -0.511639 -0.523599 0.341092 0.000000 0.000000 0.000000 0.000000 0.000000 0.000000 
0.000000 0.356396 0.000000 0.212581 -0.508938 -0.523599 0.339292 0.000000 0.000000 0.000000 0.000000 0.000000 0.000000 
0.000000 0.357872 0.000000 0.216689 -0.505986 -0.523599 0.337324 0.000000 0.000000 0.000000 0.000000 0.000000 0.000000 
0.000000 0.359471 0.000000 0.220844 -0.502789 -0.523599 0.335193 0.000000 0.000000 0.000000 0.000000 0.000000 0.000000 
0.000000 0.361189 0.000000 0.225044 -0.499353 -0.523599 0.332902 0.000000 0.000000 0.000000 0.000000 0.000000 0.000000 
0.000000 0.363023 0.000000 0.229286 -0.495685 -0.523599 0.330456 0.000000 0.000000 0.000000 0.000000 0.000000 0.000000 
0.000000 0.364970 0.000000 0.233569 -0.491790 -0.523599 0.327860 0.000000 0.000000 0.000000 0.000000 0.000000 0.000000 
0.000000 0.367027 0.000000 0.237890 -0.487676 -0.523599 0.325117 0.000000 0.000000 0.000000 0.000000 0.000000 0.000000 
0.000000 0.369191 0.000000 0.242247 -0.483348 -0.523599 0.322232 0.000000 0.000000 0.000000 0.000000 0.000000 0.000000 
0.000000 0.371459 0.000000 0.246639 -0.478812 -0.523599 0.319208 0.000000 0.000000 0.000000 0.000000 0.000000 0.000000 
0.000000 0.373827 0.000000 0.251063 -0.474076 -0.523599 0.316050 0.000000 0.000000 0.000000 0.000000 0.000000 0.000000 
0.000000 0.376293 0.000000 0.255516 -0.469144 -0.523599 0.312763 0.000000 0.000000 0.000000 0.000000 0.000000 0.000000 
0.000000 0.378853 0.000000 0.259998 -0.464025 -0.523599 0.309350 0.000000 0.000000 0.000000 0.000000 0.000000 0.000000 
0.000000 0.381504 0.000000 0.264506 -0.458723 -0.523599 0.305815 0.000000 0.000000 0.000000 0.000000 0.000000 0.000000 
0.000000 0.384243 0.000000 0.269037 -0.453245 -0.523599 0.302163 0.000000 0.000000 0.000000 0.000000 0.000000 0.000000 
0.000000 0.387067 0.000000 0.273590 -0.447597 -0.523599 0.298398 0.000000 0.000000 0.000000 0.000000 0.000000 0.000000 
0.000000 0.389972 0.000000 0.278162 -0.441786 -0.523599 0.294524 0.000000 0.000000 0.000000 0.000000 0.000000 0.000000 
0.000000 0.392956 0.000000 0.282752 -0.435818 -0.523599 0.290546 0.000000 0.000000 0.000000 0.000000 0.000000 0.000000 
0.000000 0.396015 0.000000 0.287357 -0.429700 -0.523599 0.286466 0.000000 0.000000 0.000000 0.000000 0.000000 0.000000 
0.000000 0.399147 0.000000 0.291976 -0.423436 -0.523599 0.282291 0.000000 0.000000 0.000000 0.000000 0.000000 0.000000 
0.000000 0.402348 0.000000 0.296605 -0.417035 -0.523599 0.278023 0.000000 0.000000 0.000000 0.000000 0.000000 0.000000 
0.000000 0.405615 0.000000 0.301244 -0.410501 -0.523599 0.273668 0.000000 0.000000 0.000000 0.000000 0.000000 0.000000 
0.000000 0.408944 0.000000 0.305890 -0.403842 -0.523599 0.269228 0.000000 0.000000 0.000000 0.000000 0.000000 0.000000 
0.000000 0.412333 0.000000 0.310540 -0.397064 -0.523599 0.264709 0.000000 0.000000 0.000000 0.000000 0.000000 0.000000 
0.000000 0.415779 0.000000 0.315194 -0.390172 -0.523599 0.260115 0.000000 0.000000 0.000000 0.000000 0.000000 0.000000 
0.000000 0.419278 0.000000 0.319848 -0.383174 -0.523599 0.255449 0.000000 0.000000 0.000000 0.000000 0.000000 0.000000 
0.000000 0.422828 0.000000 0.324500 -0.376075 -0.523599 0.250717 0.000000 0.000000 0.000000 0.000000 0.000000 0.000000 
0.000000 0.426424 0.000000 0.329150 -0.368882 -0.523599 0.245921 0.000000 0.000000 0.000000 0.000000 0.000000 0.000000 
0.000000 0.430065 0.000000 0.333793 -0.361600 -0.523599 0.241067 0.000000 0.000000 0.000000 0.000000 0.000000 0.000000 
0.000000 0.433746 0.000000 0.338429 -0.354238 -0.523599 0.236158 0.000000 0.000000 0.000000 0.000000 0.000000 0.000000 
0.000000 0.437466 0.000000 0.343055 -0.346799 -0.523599 0.231200 0.000000 0.000000 0.000000 0.000000 0.000000 0.000000 
0.000000 0.441219 0.000000 0.347670 -0.339292 -0.523599 0.226195 0.000000 0.000000 0.000000 0.000000 0.000000 0.000000 
0.000000 0.445004 0.000000 0.352270 -0.331722 -0.523599 0.221148 0.000000 0.000000 0.000000 0.000000 0.000000 0.000000 
0.000000 0.448818 0.000000 0.356854 -0.324095 -0.523599 0.216063 0.000000 0.000000 0.000000 0.000000 0.000000 0.000000 
0.000000 0.452656 0.000000 0.361420 -0.316418 -0.523599 0.210945 0.000000 0.000000 0.000000 0.000000 0.000000 0.000000 
0.000000 0.456517 0.000000 0.365966 -0.308697 -0.523599 0.205798 0.000000 0.000000 0.000000 0.000000 0.000000 0.000000 
0.000000 0.460396 0.000000 0.370490 -0.300938 -0.523599 0.200626 0.000000 0.000000 0.000000 0.000000 0.000000 0.000000 
0.000000 0.464291 0.000000 0.374989 -0.293148 -0.523599 0.195432 0.000000 0.000000 0.000000 0.000000 0.000000 0.000000 
0.000000 0.468199 0.000000 0.379462 -0.285333 -0.523599 0.190222 0.000000 0.000000 0.000000 0.000000 0.000000 0.000000 
0.000000 0.472116 0.000000 0.383906 -0.277499 -0.523599 0.184999 0.000000 0.000000 0.000000 0.000000 0.000000 0.000000 
0.000000 0.476039 0.000000 0.388319 -0.269652 -0.523599 0.179768 0.000000 0.000000 0.000000 0.000000 0.000000 0.000000 
0.000000 0.479966 0.000000 0.392699 -0.261799 -0.523599 0.174533 0.000000 0.000000 0.000000 0.000000 0.000000 0.000000 
0.000000 0.483892 0.000000 0.397045 -0.253946 -0.523599 0.169298 0.000000 0.000000 0.000000 0.000000 0.000000 0.000000 
0.000000 0.487815 0.000000 0.401353 -0.246100 -0.523599 0.164067 0.000000 0.000000 0.000000 0.000000 0.000000 0.000000 
0.000000 0.491732 0.000000 0.405623 -0.238266 -0.523599 0.158844 0.000000 0.000000 0.000000 0.000000 0.000000 0.000000 
0.000000 0.495640 0.000000 0.409851 -0.230450 -0.523599 0.153634 0.000000 0.000000 0.000000 0.000000 0.000000 0.000000 
0.000000 0.499535 0.000000 0.414036 -0.222660 -0.523599 0.148440 0.000000 0.000000 0.000000 0.000000 0.000000 0.000000 
0.000000 0.503414 0.000000 0.418175 -0.214902 -0.523599 0.143268 0.000000 0.000000 0.000000 0.000000 0.000000 0.000000 
0.000000 0.507275 0.000000 0.422267 -0.207181 -0.523599 0.138120 0.000000 0.000000 0.000000 0.000000 0.000000 0.000000 
0.000000 0.511113 0.000000 0.426310 -0.199504 -0.523599 0.133002 0.000000 0.000000 0.000000 0.000000 0.000000 0.000000 
0.000000 0.514927 0.000000 0.430301 -0.191877 -0.523599 0.127918 0.000000 0.000000 0.000000 0.000000 0.000000 0.000000 
0.000000 0.518712 0.000000 0.434238 -0.184307 -0.523599 0.122871 0.000000 0.000000 0.000000 0.000000 0.000000 0.000000 
0.000000 0.522466 0.000000 0.438119 -0.176799 -0.523599 0.117866 0.000000 0.000000 0.000000 0.000000 0.000000 0.000000 
0.000000 0.526185 0.000000 0.441943 -0.169361 -0.523599 0.112907 0.000000 0.000000 0.000000 0.000000 0.000000 0.000000 
0.000000 0.529866 0.000000 0.445706 -0.161998 -0.523599 0.107999 0.000000 0.000000 0.000000 0.000000 0.000000 0.000000 
0.000000 0.533507 0.000000 0.449407 -0.154717 -0.523598 0.103145 0.000000 0.000000 0.000000 0.000000 0.000000 0.000000 
0.000000 0.537103 0.000000 0.453044 -0.147524 -0.523598 0.098349 0.000000 0.000000 0.000000 0.000000 0.000000 0.000000 
0.000000 0.540653 0.000000 0.456614 -0.140425 -0.523598 0.093617 0.000000 0.000000 0.000000 0.000000 0.000000 0.000000 
0.000000 0.544152 0.000000 0.460117 -0.133427 -0.523598 0.088951 0.000000 0.000000 0.000000 0.000000 0.000000 0.000000 
0.000000 0.547598 0.000000 0.463548 -0.126535 -0.523598 0.084357 0.000000 0.000000 0.000000 0.000000 0.000000 0.000000 
0.000000 0.550987 0.000000 0.466907 -0.119756 -0.523598 0.079838 0.000000 0.000000 0.000000 0.000000 0.000000 0.000000 
0.000000 0.554317 0.000000 0.470192 -0.113097 -0.523598 0.075398 0.000000 0.000000 0.000000 0.000000 0.000000 0.000000 
0.000000 0.557583 0.000000 0.473399 -0.106564 -0.523598 0.071043 0.000000 0.000000 0.000000 0.000000 0.000000 0.000000 
0.000000 0.560784 0.000000 0.476528 -0.100162 -0.523598 0.066775 0.000000 0.000000 0.000000 0.000000 0.000000 0.000000 
0.000000 0.563916 0.000000 0.479576 -0.093899 -0.523598 0.062599 0.000000 0.000000 0.000000 0.000000 0.000000 0.000000 
0.000000 0.566975 0.000000 0.482540 -0.087780 -0.523598 0.058520 0.000000 0.000000 0.000000 0.000000 0.000000 0.000000 
0.000000 0.569959 0.000000 0.485420 -0.081812 -0.523598 0.054542 0.000000 0.000000 0.000000 0.000000 0.000000 0.000000 
0.000000 0.572865 0.000001 0.488212 -0.076001 -0.523598 0.050668 0.000000 0.000000 0.000000 0.000000 0.000000 0.000000 
0.000000 0.575688 0.000001 0.490915 -0.070354 -0.523598 0.046903 0.000000 0.000000 0.000000 0.000000 0.000000 0.000000 
0.000000 0.578427 0.000001 0.493526 -0.064876 -0.523598 0.043251 0.000000 0.000000 0.000000 0.000000 0.000000 0.000000 
0.000000 0.581078 0.000001 0.496044 -0.059574 -0.523598 0.039716 0.000000 0.000000 0.000000 0.000000 0.000000 0.000000 
0.000000 0.583638 0.000001 0.498466 -0.054454 -0.523598 0.036303 0.000000 0.000000 0.000000 0.000000 0.000000 0.000000 
0.000000 0.586104 0.000001 0.500790 -0.049523 -0.523598 0.033015 0.000000 0.000000 0.000000 0.000000 0.000000 0.000000 
0.000000 0.588472 0.000001 0.503015 -0.044787 -0.523598 0.029858 0.000000 0.000000 0.000000 0.000000 0.000000 0.000000 
0.000000 0.590740 0.000001 0.505138 -0.040251 -0.523598 0.026834 0.000000 0.000000 0.000000 0.000000 0.000000 0.000000 
0.000000 0.592904 0.000001 0.507156 -0.035923 -0.523598 0.023949 0.000000 0.000000 0.000000 0.000000 0.000000 0.000000 
0.000000 0.594961 0.000001 0.509069 -0.031809 -0.523598 0.021206 0.000000 0.000000 0.000000 0.000000 0.000000 0.000000 
0.000000 0.596908 0.000001 0.510873 -0.027914 -0.523598 0.018609 0.000000 0.000000 0.000000 0.000000 0.000000 0.000000 
0.000000 0.598742 0.000001 0.512567 -0.024246 -0.523598 0.016164 0.000000 0.000000 0.000000 0.000000 0.000000 0.000000 
0.000000 0.600460 0.000001 0.514149 -0.020810 -0.523598 0.013873 0.000000 0.000000 0.000000 0.000000 0.000000 0.000000 
0.000000 0.602059 0.000001 0.515616 -0.017613 -0.523598 0.011742 0.000000 0.000000 0.000000 0.000000 0.000000 0.000000 
0.000000 0.603535 0.000001 0.516967 -0.014661 -0.523598 0.009774 0.000000 0.000000 0.000000 0.000000 0.000000 0.000000 
0.000000 0.604885 0.000001 0.518198 -0.011960 -0.523598 0.007973 0.000000 0.000000 0.000000 0.000000 0.000000 0.000000 
0.000000 0.606107 0.000001 0.519309 -0.009517 -0.523598 0.006345 0.000000 0.000000 0.000000 0.000000 0.000000 0.000000 
0.000000 0.607196 0.000001 0.520298 -0.007338 -0.523598 0.004892 0.000000 0.000000 0.000000 0.000000 0.000000 0.000000 
0.000000 0.608151 0.000001 0.521161 -0.005429 -0.523598 0.003619 0.000000 0.000000 0.000000 0.000000 0.000000 0.000000 
0.000000 0.608967 0.000001 0.521897 -0.003796 -0.523598 0.002531 0.000000 0.000000 0.000000 0.000000 0.000000 0.000000 
0.000000 0.609642 0.000001 0.522504 -0.002446 -0.523598 0.001631 0.000000 0.000000 0.000000 0.000000 0.000000 0.000000 
0.000000 0.610173 0.000001 0.522980 -0.001385 -0.523598 0.000924 0.000000 0.000000 0.000000 0.000000 0.000000 0.000000 
0.000000 0.610555 0.000001 0.523322 -0.000620 -0.523598 0.000413 0.000000 0.000000 0.000000 0.000000 0.000000 0.000000 
0.000000 0.610787 0.000001 0.523529 -0.000156 -0.523598 0.000104 0.000000 0.000000 0.000000 0.000000 0.000000 0.000000 
0.000000 0.610865 0.000001 0.523599 0.000000 -0.523598 -0.000000 0.000000 0.000000 0.000000 0.000000 0.000000 0.000000 
0.000000 0.610683 0.000001 0.523443 -0.000000 -0.523442 -0.000000 0.000000 0.000000 0.000000 0.000000 0.000000 0.000000 
0.000000 0.610142 0.000001 0.522979 -0.000000 -0.522978 -0.000000 0.000000 0.000000 0.000000 0.000000 0.000000 0.000000 
0.000000 0.609249 0.000001 0.522213 -0.000000 -0.522213 -0.000000 0.000000 0.000000 0.000000 0.000000 0.000000 0.000000 
0.000000 0.608011 0.000001 0.521153 -0.000000 -0.521152 -0.000000 0.000000 0.000000 0.000000 0.000000 0.000000 0.000000 
0.000000 0.606436 0.000001 0.519803 -0.000000 -0.519802 -0.000000 0.000000 0.000000 0.000000 0.000000 0.000000 0.000000 
0.000000 0.604532 0.000001 0.518170 -0.000000 -0.518169 -0.000000 0.000000 0.000000 0.000000 0.000000 0.000000 0.000000 
0.000000 0.602305 0.000001 0.516261 -0.000000 -0.516260 -0.000000 0.000000 0.000000 0.000000 0.000000 0.000000 0.000000 
0.000000 0.599762 0.000001 0.514082 -0.000000 -0.514081 -0.000000 0.000000 0.000000 0.000000 0.000000 0.000000 0.000000 
0.000000 0.596912 0.000001 0.511639 -0.000000 -0.511638 -0.000000 0.000000 0.000000 0.000000 0.000000 0.000000 0.000000 
0.000000 0.593761 0.000001 0.508938 -0.000000 -0.508937 -0.000000 0.000000 0.000000 0.000000 0.000000 0.000000 0.000000 
0.000000 0.590317 0.000001 0.505986 -0.000000 -0.505985 -0.000000 0.000000 0.000000 0.000000 0.000000 0.000000 0.000000 
0.000000 0.586587 0.000001 0.502789 -0.000000 -0.502788 -0.000000 0.000000 0.000000 0.000000 0.000000 0.000000 0.000000 
0.000000 0.582579 0.000001 0.499353 -0.000000 -0.499352 -0.000000 0.000000 0.000000 0.000000 0.000000 0.000000 0.000000 
0.000000 0.578299 0.000001 0.495685 -0.000000 -0.495684 -0.000000 0.000000 0.000000 0.000000 0.000000 0.000000 0.000000 
0.000000 0.573755 0.000001 0.491790 -0.000000 -0.491789 -0.000000 0.000000 0.000000 0.000000 0.000000 0.000000 0.000000 
0.000000 0.568955 0.000001 0.487676 -0.000000 -0.487675 -0.000000 0.000000 0.000000 0.000000 0.000000 0.000000 0.000000 
0.000000 0.563906 0.000001 0.483348 -0.000000 -0.483347 -0.000000 0.000000 0.000000 0.000000 0.000000 0.000000 0.000000 
0.000000 0.558614 0.000001 0.478812 -0.000000 -0.478811 -0.000000 0.000000 0.000000 0.000000 0.000000 0.000000 0.000000 
0.000000 0.553088 0.000001 0.474076 -0.000000 -0.474075 -0.000000 0.000000 0.000000 0.000000 0.000000 0.000000 0.000000 
0.000000 0.547335 0.000001 0.469144 -0.000000 -0.469144 -0.000000 0.000000 0.000000 0.000000 0.000000 0.000000 0.000000 
0.000000 0.541362 0.000001 0.464025 -0.000000 -0.464024 -0.000000 0.000000 0.000000 0.000000 0.000000 0.000000 0.000000 
0.000000 0.535177 0.000001 0.458723 -0.000000 -0.458722 -0.000000 0.000000 0.000000 0.000000 0.000000 0.000000 0.000000 
0.000000 0.528786 0.000001 0.453245 -0.000000 -0.453244 -0.000000 0.000000 0.000000 0.000000 0.000000 0.000000 0.000000 
0.000000 0.522197 0.000001 0.447597 -0.000000 -0.447597 -0.000000 0.000000 0.000000 0.000000 0.000000 0.000000 0.000000 
0.000000 0.515418 0.000000 0.441786 -0.000000 -0.441786 -0.000000 0.000000 0.000000 0.000000 0.000000 0.000000 0.000000 
0.000000 0.508455 0.000000 0.435818 -0.000000 -0.435818 -0.000000 0.000000 0.000000 0.000000 0.000000 0.000000 0.000000 
0.000000 0.501316 0.000000 0.429700 -0.000000 -0.429699 -0.000000 0.000000 0.000000 0.000000 0.000000 0.000000 0.000000 
0.000000 0.494009 0.000000 0.423436 -0.000000 -0.423436 -0.000000 0.000000 0.000000 0.000000 0.000000 0.000000 0.000000 
0.000000 0.486541 0.000000 0.417035 -0.000000 -0.417034 -0.000000 0.000000 0.000000 0.000000 0.000000 0.000000 0.000000 
0.000000 0.478918 0.000000 0.410501 -0.000000 -0.410501 -0.000000 0.000000 0.000000 0.000000 0.000000 0.000000 0.000000 
0.000000 0.471149 0.000000 0.403842 -0.000000 -0.403842 -0.000000 0.000000 0.000000 0.000000 0.000000 0.000000 0.000000 
0.000000 0.463241 0.000000 0.397064 -0.000000 -0.397063 -0.000000 0.000000 0.000000 0.000000 0.000000 0.000000 0.000000 
0.000000 0.455201 0.000000 0.390172 -0.000000 -0.390171 -0.000000 0.000000 0.000000 0.000000 0.000000 0.000000 0.000000 
0.000000 0.447036 0.000000 0.383174 -0.000000 -0.383173 -0.000000 0.000000 0.000000 0.000000 0.000000 0.000000 0.000000 
0.000000 0.438754 0.000000 0.376075 -0.000000 -0.376074 -0.000000 0.000000 0.000000 0.000000 0.000000 0.000000 0.000000 
0.000000 0.430362 0.000000 0.368882 -0.000000 -0.368881 -0.000000 0.000000 0.000000 0.000000 0.000000 0.000000 0.000000 
0.000000 0.421867 0.000000 0.361600 -0.000000 -0.361600 -0.000000 0.000000 0.000000 0.000000 0.000000 0.000000 0.000000 
0.000000 0.413277 0.000000 0.354238 -0.000000 -0.354237 -0.000000 0.000000 0.000000 0.000000 0.000000 0.000000 0.000000 
0.000000 0.404599 0.000000 0.346799 -0.000000 -0.346799 -0.000000 0.000000 0.000000 0.000000 0.000000 0.000000 0.000000 
0.000000 0.395841 0.000000 0.339292 -0.000000 -0.339291 -0.000000 0.000000 0.000000 0.000000 0.000000 0.000000 0.000000 
0.000000 0.387009 0.000000 0.331722 -0.000000 -0.331721 -0.000000 0.000000 0.000000 0.000000 0.000000 0.000000 0.000000 
0.000000 0.378111 0.000000 0.324095 -0.000000 -0.324094 -0.000000 0.000000 0.000000 0.000000 0.000000 0.000000 0.000000 
0.000000 0.369154 0.000000 0.316418 -0.000000 -0.316417 -0.000000 0.000000 0.000000 0.000000 0.000000 0.000000 0.000000 
0.000000 0.360147 0.000000 0.308697 -0.000000 -0.308696 -0.000000 0.000000 0.000000 0.000000 0.000000 0.000000 0.000000 
0.000000 0.351095 0.000000 0.300938 -0.000000 -0.300938 -0.000000 0.000000 0.000000 0.000000 0.000000 0.000000 0.000000 
0.000000 0.342006 0.000000 0.293148 -0.000000 -0.293148 -0.000000 0.000000 0.000000 0.000000 0.000000 0.000000 0.000000 
0.000000 0.332889 0.000000 0.285333 -0.000000 -0.285332 -0.000000 0.000000 0.000000 0.000000 0.000000 0.000000 0.000000 
0.000000 0.323749 0.000000 0.277499 -0.000000 -0.277498 -0.000000 0.000000 0.000000 0.000000 0.000000 0.000000 0.000000 
0.000000 0.314594 0.000000 0.269652 -0.000000 -0.269652 -0.000000 0.000000 0.000000 0.000000 0.000000 0.000000 0.000000 
0.000000 0.305433 0.000000 0.261799 -0.000000 -0.261799 -0.000000 0.000000 0.000000 0.000000 0.000000 0.000000 0.000000 
0.000000 0.296271 0.000000 0.253946 -0.000000 -0.253946 -0.000000 0.000000 0.000000 0.000000 0.000000 0.000000 0.000000 
0.000000 0.287116 0.000000 0.246100 -0.000000 -0.246099 -0.000000 0.000000 0.000000 0.000000 0.000000 0.000000 0.000000 
0.000000 0.277977 0.000000 0.238266 -0.000000 -0.238265 -0.000000 0.000000 0.000000 0.000000 0.000000 0.000000 0.000000 
0.000000 0.268859 0.000000 0.230450 -0.000000 -0.230450 -0.000000 0.000000 0.000000 0.000000 0.000000 0.000000 0.000000 
0.000000 0.259770 0.000000 0.222660 -0.000000 -0.222660 -0.000000 0.000000 0.000000 0.000000 0.000000 0.000000 0.000000 
0.000000 0.250719 0.000000 0.214902 -0.000000 -0.214901 -0.000000 0.000000 0.000000 0.000000 0.000000 0.000000 0.000000 
0.000000 0.241711 0.000000 0.207181 -0.000000 -0.207180 -0.000000 0.000000 0.000000 0.000000 0.000000 0.000000 0.000000 
0.000000 0.232754 0.000000 0.199504 -0.000000 -0.199503 -0.000000 0.000000 0.000000 0.000000 0.000000 0.000000 0.000000 
0.000000 0.223856 0.000000 0.191877 -0.000000 -0.191877 -0.000000 0.000000 0.000000 0.000000 0.000000 0.000000 0.000000 
0.000000 0.215025 0.000000 0.184307 -0.000000 -0.184306 -0.000000 0.000000 0.000000 0.000000 0.000000 0.000000 0.000000 
0.000000 0.206266 0.000000 0.176799 -0.000000 -0.176799 -0.000000 0.000000 0.000000 0.000000 0.000000 0.000000 0.000000 
0.000000 0.197588 0.000000 0.169361 -0.000000 -0.169361 -0.000000 0.000000 0.000000 0.000000 0.000000 0.000000 0.000000 
0.000000 0.188998 0.000000 0.161998 -0.000000 -0.161998 -0.000000 0.000000 0.000000 0.000000 0.000000 0.000000 0.000000 
0.000000 0.180503 0.000000 0.154717 -0.000000 -0.154717 -0.000000 0.000000 0.000000 0.000000 0.000000 0.000000 0.000000 
0.000000 0.172111 0.000000 0.147524 -0.000000 -0.147524 -0.000000 0.000000 0.000000 0.000000 0.000000 0.000000 0.000000 
0.000000 0.163829 0.000000 0.140425 -0.000000 -0.140425 -0.000000 0.000000 0.000000 0.000000 0.000000 0.000000 0.000000 
0.000000 0.155664 0.000000 0.133427 -0.000000 -0.133426 -0.000000 0.000000 0.000000 0.000000 0.000000 0.000000 0.000000 
0.000000 0.147624 0.000000 0.126535 -0.000000 -0.126535 -0.000000 0.000000 0.000000 0.000000 0.000000 0.000000 0.000000 
0.000000 0.139716 0.000000 0.119756 -0.000000 -0.119756 -0.000000 0.000000 0.000000 0.000000 0.000000 0.000000 0.000000 
0.000000 0.131947 0.000000 0.113097 -0.000000 -0.113097 -0.000000 0.000000 0.000000 0.000000 0.000000 0.000000 0.000000 
0.000000 0.124325 0.000000 0.106564 -0.000000 -0.106564 -0.000000 0.000000 0.000000 0.000000 0.000000 0.000000 0.000000 
0.000000 0.116856 0.000000 0.100162 -0.000000 -0.100162 -0.000000 0.000000 0.000000 0.000000 0.000000 0.000000 0.000000 
0.000000 0.109549 0.000000 0.093899 -0.000000 -0.093899 -0.000000 0.000000 0.000000 0.000000 0.000000 0.000000 0.000000 
0.000000 0.102410 0.000000 0.087780 -0.000000 -0.087780 -0.000000 0.000000 0.000000 0.000000 0.000000 0.000000 0.000000 
0.000000 0.095448 0.000000 0.081812 -0.000000 -0.081812 -0.000000 0.000000 0.000000 0.000000 0.000000 0.000000 0.000000 
0.000000 0.088668 0.000000 0.076001 -0.000000 -0.076001 -0.000000 0.000000 0.000000 0.000000 0.000000 0.000000 0.000000 
0.000000 0.082080 0.000000 0.070354 -0.000000 -0.070354 -0.000000 0.000000 0.000000 0.000000 0.000000 0.000000 0.000000 
0.000000 0.075689 0.000000 0.064876 -0.000000 -0.064876 -0.000000 0.000000 0.000000 0.000000 0.000000 0.000000 0.000000 
0.000000 0.069503 0.000000 0.059574 -0.000000 -0.059574 -0.000000 0.000000 0.000000 0.000000 0.000000 0.000000 0.000000 
0.000000 0.063530 0.000000 0.054454 -0.000000 -0.054454 -0.000000 0.000000 0.000000 0.000000 0.000000 0.000000 0.000000 
0.000000 0.057777 0.000000 0.049523 -0.000000 -0.049523 -0.000000 0.000000 0.000000 0.000000 0.000000 0.000000 0.000000 
0.000000 0.052251 0.000000 0.044787 -0.000000 -0.044786 -0.000000 0.000000 0.000000 0.000000 0.000000 0.000000 0.000000 
0.000000 0.046960 0.000000 0.040251 -0.000000 -0.040251 -0.000000 0.000000 0.000000 0.000000 0.000000 0.000000 0.000000 
0.000000 0.041910 0.000000 0.035923 -0.000000 -0.035923 -0.000000 0.000000 0.000000 0.000000 0.000000 0.000000 0.000000 
0.000000 0.037110 0.000000 0.031809 -0.000000 -0.031809 -0.000000 0.000000 0.000000 0.000000 0.000000 0.000000 0.000000 
0.000000 0.032566 0.000000 0.027914 -0.000000 -0.027914 -0.000000 0.000000 0.000000 0.000000 0.000000 0.000000 0.000000 
0.000000 0.028287 0.000000 0.024246 -0.000000 -0.024246 -0.000000 0.000000 0.000000 0.000000 0.000000 0.000000 0.000000 
0.000000 0.024278 0.000000 0.020810 -0.000000 -0.020810 -0.000000 0.000000 0.000000 0.000000 0.000000 0.000000 0.000000 
0.000000 0.020548 0.000000 0.017613 -0.000000 -0.017613 -0.000000 0.000000 0.000000 0.000000 0.000000 0.000000 0.000000 
0.000000 0.017104 0.000000 0.014661 -0.000000 -0.014661 -0.000000 0.000000 0.000000 0.000000 0.000000 0.000000 0.000000 
0.000000 0.013953 0.000000 0.011960 -0.000000 -0.011960 -0.000000 0.000000 0.000000 0.000000 0.000000 0.000000 0.000000 
0.000000 0.011103 0.000000 0.009517 -0.000000 -0.009517 -0.000000 0.000000 0.000000 0.000000 0.000000 0.000000 0.000000 
0.000000 0.008561 0.000000 0.007338 -0.000000 -0.007338 -0.000000 0.000000 0.000000 0.000000 0.000000 0.000000 0.000000 
0.000000 0.006333 0.000000 0.005429 -0.000000 -0.005429 -0.000000 0.000000 0.000000 0.000000 0.000000 0.000000 0.000000 
0.000000 0.004429 0.000000 0.003796 -0.000000 -0.003796 -0.000000 0.000000 0.000000 0.000000 0.000000 0.000000 0.000000 
0.000000 0.002854 0.000000 0.002446 -0.000000 -0.002446 -0.000000 0.000000 0.000000 0.000000 0.000000 0.000000 0.000000 
0.000000 0.001616 0.000000 0.001385 -0.000000 -0.001385 -0.000000 0.000000 0.000000 0.000000 0.000000 0.000000 0.000000 
0.000000 0.000723 0.000000 0.000620 -0.000000 -0.000620 -0.000000 0.000000 0.000000 0.000000 0.000000 0.000000 0.000000 
0.000000 0.000182 0.000000 0.000156 -0.000000 -0.000156 -0.000000 0.000000 0.000000 0.000000 0.000000 0.000000 0.000000 
